2940,4150,0,1,3298,646,264
2937,4147,8,1,3307,637,613
2935,4145,15,1,3298,646,843
2935,4144,23,1,3298,646,979
2935,4144,30,1,3298,646,1045
2935,4144,38,1,3298,646,1083
2935,4144,45,1,3298,646,1099
2935,4144,53,1,3298,646,1103
2936,4145,60,1,3298,646,1105
2937,4146,68,1,3298,646,1105
2938,4147,75,1,3298,646,1103
2939,4150,83,1,3298,646,1103
2941,4151,90,1,3298,646,1115
2943,4154,98,1,3298,646,1117
2946,4155,105,1,3298,646,1109
2947,4157,113,1,3298,646,1107
2949,4160,120,1,3298,646,1103
2950,4161,128,1,3298,646,1101
2950,4163,135,1,3298,646,1101
2951,4165,143,1,3288,636,1101
2953,4168,150,1,3288,636,1083
2955,4171,158,1,3288,636,1083
2958,4173,166,1,3288,636,1093
2961,4176,173,1,3288,636,1097
2964,4179,181,1,3288,636,1095
2968,4181,188,1,3288,636,1103
2971,4184,196,1,3288,636,1117
2976,4186,203,1,3288,636,1125
2979,4188,211,1,3288,636,1135
2983,4190,218,1,3288,636,1119
2986,4192,226,1,3288,636,1115
2989,4194,233,1,3288,636,1117
2992,4196,241,1,3288,636,1103
2995,4198,248,1,3288,636,1101
2998,4200,256,1,3288,636,1101
3000,4202,263,1,3288,636,1091
3001,4203,271,1,3288,636,1079
3003,4205,278,1,3288,636,1073
3005,4207,286,1,3288,636,1077
3007,4210,293,1,3288,636,1075
3009,4213,301,1,3288,636,1079
3011,4216,308,1,3288,636,1083
3011,4219,316,1,3298,646,1087
3012,4221,323,1,3298,646,1089
3013,4223,331,1,3298,646,1087
3013,4225,338,1,3298,646,1089
3013,4228,346,1,3298,646,1091
3013,4231,353,1,3298,646,1091
3013,4235,361,1,3298,646,1085
3013,4238,368,1,3298,646,1087
3012,4242,376,1,3317,647,1091
3012,4245,383,1,3317,647,1093
3010,4248,391,1,3317,647,1095
3009,4252,399,1,3326,637,1091
3007,4256,406,1,3326,637,1093
3006,4260,414,1,3326,637,1091
3004,4265,421,1,3326,637,1099
3001,4269,429,1,3326,637,1089
2999,4274,436,1,3326,637,1097
2995,4279,444,1,3326,637,1089
2992,4284,451,1,3326,637,1097
2989,4289,459,1,3326,637,1095
2985,4294,466,1,3326,637,1095
2981,4299,474,1,3326,637,1099
2978,4304,481,1,3326,637,1079
2974,4310,489,1,3326,637,1087
2970,4314,496,1,3326,637,1093
2966,4318,504,1,3326,637,1079
2961,4323,511,1,3326,637,1097
2956,4326,519,1,3326,637,1081
2951,4330,526,1,3326,637,1081
2947,4333,534,1,3307,637,1073
2943,4336,541,1,3307,637,1091
2938,4339,549,1,3307,637,1095
2934,4342,556,1,3307,637,1081
2930,4345,564,1,3307,637,1085
2926,4347,571,1,3307,637,1091
2922,4349,579,1,3307,637,1097
2918,4351,586,1,3307,637,1091
2914,4353,594,1,3316,627,1103
2910,4355,601,1,3316,627,1099
2906,4356,609,1,3316,627,1093
2902,4358,616,1,3316,627,1101
2898,4359,624,1,3316,627,1107
2894,4361,631,1,3316,627,1099
2889,4362,639,1,3316,627,1113
2884,4364,647,1,3307,637,1115
2879,4366,654,1,3307,637,1115
2873,4367,662,1,3307,637,1117
2867,4368,669,1,3307,637,1125
2861,4369,677,1,3307,637,1121
2855,4370,684,1,3298,646,1115
2849,4371,692,1,3298,646,1107
2843,4372,699,1,3298,646,1125
2837,4374,707,1,3298,646,1113
2831,4375,714,1,3298,646,1105
2826,4376,722,1,3289,656,1125
2820,4376,729,1,3289,656,1119
2815,4376,737,1,3289,656,1121
2810,4376,744,1,3289,656,1137
2805,4376,752,1,3289,656,1123
2801,4376,759,1,3289,656,1131
2797,4376,767,1,3289,656,1139
2792,4375,774,1,3289,656,1137
2788,4374,782,1,3289,656,1137
2784,4373,789,1,3289,656,1151
2780,4372,797,1,3289,656,1147
2777,4371,804,1,3289,656,1163
2773,4370,812,1,3309,656,1177
2770,4369,819,1,3309,656,1171
2766,4368,827,1,3309,656,1177
2763,4366,834,1,3309,656,1171
2759,4365,842,1,3317,647,1159
2756,4364,849,1,3317,647,1167
2754,4363,857,1,3317,647,1153
2751,4362,864,1,3317,647,1151
2748,4361,872,1,3317,647,1157
2745,4359,880,1,3317,647,1163
2741,4358,887,1,3317,647,1155
2737,4356,895,1,3317,647,1155
2733,4354,902,1,3317,647,1155
2728,4351,910,1,3317,647,1155
2723,4348,917,1,3317,647,1167
2718,4345,925,1,3317,647,1173
2714,4342,932,1,3317,647,1167
2710,4340,940,1,3317,647,1169
2705,4338,947,1,3317,647,1183
2702,4334,955,1,3317,647,1179
2697,4330,962,1,3326,637,1191
2693,4325,970,1,3326,637,1193
2689,4318,977,1,3326,637,1197
2685,4313,985,1,3326,637,1199
2682,4307,992,1,3326,637,1199
2679,4302,1000,1,3326,637,1197
2676,4296,1007,1,3326,637,1193
2673,4291,1015,1,3326,637,1201
2671,4285,1022,1,3326,637,1205
2669,4279,1030,1,3326,637,1199
2667,4274,1037,1,3307,637,1213
2665,4268,1045,1,3307,637,1223
2664,4262,1052,1,3307,637,1215
2663,4258,1060,1,3307,637,1231
2662,4252,1067,1,3307,637,1229
2661,4247,1075,1,3307,637,1223
2660,4242,1082,1,3298,646,1235
2658,4237,1090,1,3298,646,1223
2657,4231,1097,1,3298,646,1213
2657,4226,1105,1,3298,646,1217
2656,4221,1113,1,3298,646,1209
2655,4216,1120,1,3298,646,1207
2654,4211,1128,1,3298,646,1203
2654,4205,1135,1,3298,646,1217
2654,4199,1143,1,3298,646,1203
2654,4194,1150,1,3298,646,1193
2654,4188,1158,1,3298,646,1203
2654,4182,1165,1,3298,646,1203
2654,4177,1173,1,3298,646,1191
2654,4171,1180,1,3298,646,1209
2654,4165,1188,1,3298,646,1197
2654,4160,1195,1,3298,646,1199
2654,4154,1203,1,3298,646,1207
2654,4148,1210,1,3298,646,1217
2654,4142,1218,1,3298,646,1195
2655,4136,1225,1,3298,646,1215
2656,4130,1233,1,3298,646,1221
2657,4125,1240,1,3298,646,1233
2658,4119,1248,1,3298,646,1231
2659,4114,1255,1,3298,646,1221
2660,4109,1263,1,3298,646,1235
2662,4105,1270,1,3298,646,1251
2663,4101,1278,1,3298,646,1241
2664,4098,1285,1,3298,646,1247
2666,4094,1293,1,3298,646,1215
2667,4090,1300,1,3298,646,1227
2668,4086,1308,1,3298,646,1229
2669,4082,1315,1,3298,646,1211
2671,4078,1323,1,3298,646,1205
2672,4074,1330,1,3298,646,1187
2674,4070,1338,1,3298,646,1209
2677,4065,1346,1,3298,646,1211
2679,4060,1353,1,3298,646,1197
2682,4055,1361,1,3298,646,1205
2684,4050,1368,1,3298,646,1215
2687,4045,1376,1,3298,646,1223
2690,4041,1383,1,3298,646,1189
2693,4037,1391,1,3289,656,1217
2697,4032,1398,1,3289,656,1193
2700,4028,1406,1,3289,656,1215
2704,4023,1413,1,3289,656,1231
2707,4019,1421,1,3289,656,1213
2711,4015,1428,1,3289,656,1219
2715,4011,1436,1,3289,656,1207
2719,4006,1443,1,3289,656,1211
2723,4003,1451,1,3289,656,1221
2727,3998,1458,1,3289,656,1221
2731,3995,1466,1,3289,656,1201
2734,3991,1473,1,3289,656,1225
2738,3988,1481,1,3289,656,1219
2742,3985,1488,1,3289,656,1211
2746,3983,1496,1,3289,656,1201
2751,3980,1503,1,3298,646,1197
2756,3978,1511,1,3298,646,1197
2761,3977,1518,1,3298,646,1207
2766,3975,1526,1,3298,646,1195
2772,3973,1533,1,3298,646,1173
2778,3971,1541,1,3298,646,1207
2785,3970,1548,1,3298,646,1181
2792,3968,1556,1,3307,637,1159
2799,3966,1563,1,3307,637,1191
2806,3964,1571,1,3307,637,1179
2814,3962,1579,1,3307,637,1169
2821,3961,1586,1,3307,637,1171
2828,3959,1594,1,3307,637,1173
2835,3957,1601,1,3307,637,1163
2840,3955,1609,1,3307,637,1173
2846,3953,1616,1,3297,636,1171
2852,3950,1624,1,3297,636,1169
2857,3948,1631,1,3297,636,1199
2863,3947,1639,1,3297,636,1169
2868,3945,1646,1,3288,636,1163
2873,3944,1654,1,3288,636,1169
2878,3943,1661,1,3269,635,1161
2884,3943,1669,1,3269,635,1177
2889,3942,1676,1,3269,635,1167
2893,3942,1684,1,3269,635,1163
2898,3942,1691,1,3269,635,1165
2903,3942,1699,1,3269,635,1159
2907,3942,1706,1,3269,635,1159
2912,3942,1714,1,3288,636,1163
2917,3942,1721,1,3288,636,1159
2922,3942,1729,1,3288,636,1153
2927,3942,1736,1,3288,636,1167
2931,3942,1744,1,3288,636,1143
2936,3942,1751,1,3288,636,1149
2941,3942,1759,1,3288,636,1153
2945,3942,1766,1,3298,646,1147
2950,3943,1774,1,3298,646,1137
2955,3944,1781,1,3298,646,1135
2959,3944,1789,1,3298,646,1137
2965,3945,1796,1,3298,646,1123
2969,3946,1804,1,3298,646,1143
2974,3947,1812,1,3298,646,1155
2979,3949,1819,1,3298,646,1147
2984,3951,1827,1,3298,646,1157
2989,3953,1834,1,3289,656,1149
2994,3955,1842,1,3289,656,1143
2999,3958,1849,1,3289,656,1147
3003,3960,1857,1,3289,656,1145
3007,3963,1864,1,3289,656,1155
3011,3965,1872,1,3289,656,1139
3014,3968,1879,1,3270,645,1149
3017,3971,1887,1,3270,645,1143
3020,3973,1894,1,3270,645,1141
3023,3977,1902,1,3270,645,1123
3027,3980,1909,1,3270,645,1113
3031,3985,1917,1,3270,645,1133
3035,3991,1924,1,3270,645,1115
3039,3996,1932,1,3270,645,1121
3042,4001,1939,1,3270,645,1131
3046,4007,1947,1,3270,645,1121
3050,4013,1954,1,3261,655,1117
3054,4019,1962,1,3261,655,1113
3059,4025,1969,1,3261,655,1109
3064,4031,1977,1,3261,655,1113
3069,4036,1984,1,3261,655,1107
3073,4041,1992,1,3261,655,1123
3078,4046,1999,1,3261,655,1123
3082,4051,2007,1,3261,655,1119
3086,4056,2014,1,3270,645,1107
3090,4061,2022,1,3270,645,1119
3093,4065,2029,1,3270,645,1117
3097,4070,2037,1,3270,645,1109
3102,4075,2045,1,3270,645,1103
3106,4080,2052,1,3270,645,1095
3111,4086,2060,1,3270,645,1103
3115,4092,2067,1,3270,645,1093
3118,4098,2075,1,3270,645,1099
3122,4103,2082,1,3288,636,1107
3125,4109,2090,1,3288,636,1087
3127,4115,2097,1,3288,636,1083
3130,4122,2105,1,3288,636,1081
3132,4128,2112,1,3297,636,1069
3134,4134,2120,1,3297,636,1075
3137,4141,2127,1,3297,636,1075
3138,4147,2135,1,3297,636,1077
3140,4153,2142,1,3297,636,1079
3140,4159,2150,1,3297,636,1073
3141,4164,2157,1,3297,636,1075
3142,4170,2165,1,3297,636,1069
3144,4177,2172,1,3306,626,1069
3145,4183,2180,1,3306,626,1075
3146,4189,2187,1,3306,626,1069
3147,4196,2195,1,3306,626,1087
3148,4202,2202,1,3306,626,1083
3149,4208,2210,1,3316,627,1077
3149,4215,2217,1,3316,627,1075
3150,4221,2225,1,3316,627,1075
3151,4228,2232,1,3316,627,1079
3152,4235,2240,1,3316,627,1071
3152,4242,2247,1,3316,627,1075
3152,4249,2255,1,3316,627,1069
3152,4257,2262,1,3307,637,1057
3151,4264,2270,1,3307,637,1063
3151,4271,2278,1,3307,637,1059
3151,4279,2285,1,3307,637,1063
3151,4287,2293,1,3307,637,1057
3151,4295,2300,1,3307,637,1055
3150,4303,2308,1,3307,637,1051
3150,4311,2315,1,3307,637,1045
3149,4319,2323,1,3307,637,1053
3147,4326,2330,1,3288,636,1045
3146,4333,2338,1,3298,646,1047
3145,4340,2345,1,3298,646,1043
3143,4347,2353,1,3298,646,1045
3143,4353,2360,1,3298,646,1041
3142,4359,2368,1,3298,646,1049
3141,4366,2375,1,3289,656,1049
3139,4371,2383,1,3289,656,1059
3138,4377,2390,1,3289,656,1053
3136,4383,2398,1,3289,656,1049
3134,4388,2405,1,3289,656,1047
3133,4394,2413,1,3289,656,1051
3131,4399,2420,1,3289,656,1055
3129,4405,2428,1,3289,656,1033
3126,4410,2435,1,3289,656,1035
3123,4416,2443,1,3289,656,1041
3120,4421,2450,1,3289,656,1035
3117,4427,2458,1,3289,656,1025
3113,4432,2465,1,3289,656,1027
3109,4437,2473,1,3289,656,1027
3105,4443,2480,1,3289,656,1023
3100,4449,2488,1,3289,656,1017
3095,4455,2495,1,3289,656,1015
3091,4460,2503,1,3298,646,1015
3086,4465,2510,1,3298,646,1021
3081,4470,2518,1,3298,646,1015
3076,4475,2526,1,3288,636,1021
3070,4480,2533,1,3288,636,1019
3065,4485,2541,1,3288,636,1011
3059,4489,2548,1,3288,636,1021
3054,4493,2556,1,3288,636,1023
3048,4497,2563,1,3288,636,1005
3041,4500,2571,1,3288,636,1013
3035,4503,2578,1,3288,636,1027
3028,4505,2586,1,3288,636,1009
3021,4508,2593,1,3297,636,1029
3015,4510,2601,1,3297,636,1015
3008,4513,2608,1,3297,636,1033
3001,4515,2616,1,3297,636,1033
2994,4518,2623,1,3297,636,1031
2986,4522,2631,1,3297,636,1043
2979,4525,2638,1,3297,636,1025
2972,4527,2646,1,3307,637,1037
2965,4530,2653,1,3307,637,1057
2957,4533,2661,1,3316,627,1041
2949,4536,2668,1,3316,627,1047
2941,4539,2676,1,3316,627,1041
2933,4542,2683,1,3316,627,1047
2925,4546,2691,1,3326,637,1043
2917,4548,2698,1,3326,637,1051
2909,4551,2706,1,3326,637,1043
2900,4552,2713,1,3326,637,1047
2891,4554,2721,1,3326,637,1041
2882,4555,2728,1,3326,637,1043
2873,4556,2736,1,3347,648,1039
2864,4557,2743,1,3338,657,1047
2856,4558,2751,1,3338,657,1049
2847,4559,2759,1,3338,657,1055
2839,4560,2766,1,3338,657,1057
2831,4560,2774,1,3338,657,1057
2822,4560,2781,1,3338,657,1063
2813,4560,2789,1,3338,657,1065
2804,4560,2796,1,3338,657,1067
2794,4560,2804,1,3338,657,1067
2785,4560,2811,1,3338,657,1065
2776,4560,2819,1,3338,657,1067
2767,4560,2826,1,3338,657,1057
2758,4560,2834,1,3338,657,1061
2750,4560,2841,1,3338,657,1061
2742,4560,2849,1,3338,657,1071
2733,4560,2856,1,3317,647,1059
2726,4560,2864,1,3326,637,1065
2719,4560,2871,1,3326,637,1055
2712,4560,2879,1,3326,637,1061
2706,4560,2886,1,3326,637,1055
2700,4560,2894,1,3326,637,1059
2693,4560,2901,1,3326,637,1049
2688,4559,2909,1,3326,637,1059
2683,4558,2916,1,3326,637,1051
2677,4557,2924,1,3307,637,1061
2673,4556,2931,1,3307,637,1071
2669,4555,2939,1,3307,637,1077
2664,4554,2946,1,3307,637,1085
2660,4553,2954,1,3307,637,1087
2656,4552,2961,1,3307,637,1075
2653,4551,2969,1,3307,637,1081
2651,4551,2976,1,3307,637,1097
2648,4550,2984,1,3307,637,1115
2645,4550,2992,1,3307,637,1117
2641,4549,2999,1,3307,637,1119
2638,4548,3007,1,3326,637,1117
2634,4548,3014,1,3326,637,1119
2631,4547,3022,1,3326,637,1117
2627,4546,3029,1,3326,637,1113
2623,4546,3037,1,3336,638,1121
2620,4545,3044,1,3336,638,1117
2616,4543,3052,1,3336,638,1125
2612,4542,3059,1,3336,638,1131
2607,4539,3067,1,3336,638,1125
2602,4536,3074,1,3336,638,1123
2597,4533,3082,1,3336,638,1133
2593,4530,3089,1,3336,638,1135
2588,4526,3097,1,3336,638,1135
2583,4522,3104,1,3356,639,1145
2578,4518,3112,1,3356,639,1145
2573,4513,3119,1,3356,639,1141
2569,4507,3127,1,3356,639,1155
2564,4502,3134,1,3356,639,1155
2560,4496,3142,1,3356,639,1155
2556,4491,3149,1,3356,639,1155
2553,4485,3157,1,3356,639,1157
2549,4479,3164,1,3356,639,1159
2546,4473,3172,1,3356,639,1163
2543,4466,3179,1,3356,639,1171
2540,4459,3187,1,3356,639,1177
2537,4453,3194,1,3356,639,1185
2535,4447,3202,1,3356,639,1175
2533,4441,3209,1,3355,629,1177
2531,4436,3217,1,3355,629,1175
2529,4430,3225,1,3355,629,1157
2527,4426,3232,1,3355,629,1161
2525,4420,3240,1,3355,629,1161
2523,4414,3247,1,3355,629,1159
2520,4409,3255,1,3355,629,1155
2518,4403,3262,1,3355,629,1155
2517,4397,3270,1,3356,639,1149
2514,4390,3277,1,3356,639,1153
2511,4383,3285,1,3356,639,1145
2508,4376,3292,1,3356,639,1149
2505,4368,3300,1,3356,639,1137
2503,4360,3307,1,3356,639,1135
2501,4351,3315,1,3356,639,1155
2499,4341,3322,1,3356,639,1149
2496,4332,3330,1,3347,648,1167
2493,4323,3337,1,3347,648,1153
2491,4315,3345,1,3347,648,1157
2490,4306,3352,1,3347,648,1153
2488,4297,3360,1,3338,657,1147
2487,4288,3367,1,3317,647,1155
2486,4279,3375,1,3317,647,1169
2484,4270,3382,1,3317,647,1169
2484,4262,3390,1,3317,647,1165
2483,4254,3397,1,3317,647,1179
2483,4245,3405,1,3317,647,1171
2483,4238,3412,1,3317,647,1161
2482,4230,3420,1,3317,647,1189
2482,4223,3427,1,3317,647,1191
2481,4216,3435,1,3317,647,1181
2481,4208,3442,1,3317,647,1193
2481,4200,3450,1,3317,647,1175
2481,4193,3458,1,3317,647,1171
2481,4185,3465,1,3317,647,1179
2481,4177,3473,1,3317,647,1181
2481,4168,3480,1,3326,637,1179
2481,4160,3488,1,3326,637,1171
2481,4152,3495,1,3326,637,1183
2481,4143,3503,1,3326,637,1177
2482,4135,3510,1,3326,637,1157
2483,4127,3518,1,3326,637,1187
2484,4118,3525,1,3336,638,1189
2486,4110,3533,1,3336,638,1189
2487,4102,3540,1,3336,638,1163
2489,4094,3548,1,3356,639,1195
2490,4085,3555,1,3356,639,1195
2492,4077,3563,1,3356,639,1205
2494,4069,3570,1,3356,639,1233
2497,4060,3578,1,3356,639,1217
2499,4052,3585,1,3356,639,1229
2502,4045,3593,1,3356,639,1233
2504,4038,3600,1,3356,639,1241
2507,4031,3608,1,3356,639,1225
2509,4023,3615,1,3336,638,1229
2512,4016,3623,1,3336,638,1251
2515,4008,3630,1,3336,638,1215
2518,4001,3638,1,3336,638,1215
2522,3995,3645,1,3336,638,1239
2527,3988,3653,1,3326,637,1213
2532,3983,3660,1,3326,637,1207
2536,3977,3668,1,3326,637,1223
2541,3971,3675,1,3326,637,1219
2546,3965,3683,1,3307,637,1217
2551,3958,3691,1,3307,637,1191
2557,3951,3698,1,3307,637,1199
2563,3944,3706,1,3307,637,1225
2568,3936,3713,1,3307,637,1215
2574,3930,3721,1,3298,646,1203
2580,3923,3728,1,3298,646,1185
2586,3917,3736,1,3298,646,1193
2592,3911,3743,1,3317,647,1189
2599,3904,3751,1,3317,647,1211
2605,3898,3758,1,3317,647,1187
2612,3892,3766,1,3317,647,1199
2619,3887,3773,1,3317,647,1217
2627,3881,3781,1,3317,647,1197
2634,3876,3788,1,3317,647,1193
2642,3871,3796,1,3317,647,1199
2649,3866,3803,1,3317,647,1207
2655,3861,3811,1,3317,647,1207
2662,3857,3818,1,3317,647,1217
2669,3852,3826,1,3317,647,1193
2675,3848,3833,1,3317,647,1201
2682,3844,3841,1,3317,647,1197
2689,3840,3848,1,3317,647,1197
2695,3837,3856,1,3317,647,1191
2703,3833,3863,1,3317,647,1193
2710,3829,3871,1,3317,647,1181
2718,3826,3878,1,3317,647,1173
2727,3823,3886,1,3317,647,1187
2736,3821,3893,1,3317,647,1187
2746,3819,3901,1,3317,647,1177
2756,3816,3908,1,3317,647,1171
2766,3814,3916,1,3317,647,1163
2777,3812,3924,1,3326,637,1189
2787,3810,3931,1,3326,637,1177
2797,3808,3939,1,3326,637,1163
2808,3807,3946,1,3326,637,1175
2817,3806,3954,1,3326,637,1183
2826,3804,3961,1,3326,637,1179
2835,3803,3969,1,3326,637,1179
2844,3802,3976,1,3326,637,1165
2852,3800,3984,1,3326,637,1179
2860,3798,3991,1,3298,646,1179
2868,3797,3999,1,3298,646,1173
2876,3797,4006,1,3298,646,1169
2884,3797,4014,1,3298,646,1159
2892,3797,4021,1,3298,646,1185
2901,3797,4029,1,3298,646,1161
2909,3799,4036,1,3298,646,1167
2918,3800,4044,1,3298,646,1131
2927,3802,4051,1,3298,646,1149
2937,3805,4059,1,3298,646,1125
2947,3807,4066,1,3298,646,1115
2958,3810,4074,1,3298,646,1111
2968,3814,4081,1,3298,646,1117
2977,3817,4089,1,3289,656,1117
2986,3819,4096,1,3289,656,1139
2994,3822,4104,1,3289,656,1127
3003,3824,4111,1,3289,656,1103
3011,3827,4119,1,3289,656,1131
3019,3830,4126,1,3270,645,1109
3027,3833,4134,1,3270,645,1123
3035,3835,4141,1,3270,645,1117
3043,3838,4149,1,3270,645,1111
3051,3841,4157,1,3270,645,1111
3059,3843,4164,1,3270,645,1123
3067,3846,4172,1,3270,645,1121
3074,3849,4179,1,3270,645,1131
3080,3852,4187,1,3270,645,1137
3086,3854,4194,1,3270,645,1133
3092,3856,4202,1,3270,645,1121
3097,3859,4209,1,3288,636,1119
3103,3861,4217,1,3288,636,1119
3107,3865,4224,1,3288,636,1115
3111,3868,4232,1,3288,636,1123
3116,3871,4239,1,3269,635,1103
3120,3874,4247,1,3269,635,1089
3125,3877,4254,1,3277,625,1093
3130,3881,4262,1,3297,636,1095
3135,3885,4269,1,3297,636,1103
3140,3889,4277,1,3297,636,1101
3145,3893,4284,1,3297,636,1105
3150,3897,4292,1,3297,636,1097
3155,3900,4299,1,3297,636,1109
3159,3903,4307,1,3307,637,1109
3164,3907,4314,1,3307,637,1115
3168,3910,4322,1,3307,637,1097
3173,3914,4329,1,3307,637,1103
3178,3918,4337,1,3307,637,1095
3184,3922,4344,1,3307,637,1113
3189,3925,4352,1,3307,637,1105
3194,3929,4359,1,3326,637,1107
3199,3933,4367,1,3326,637,1117
3204,3936,4374,1,3326,637,1113
3209,3940,4382,1,3326,637,1115
3214,3945,4389,1,3326,637,1111
3220,3950,4397,1,3326,637,1119
3224,3955,4405,1,3326,637,1119
3229,3959,4412,1,3317,647,1127
3233,3964,4420,1,3317,647,1101
3237,3969,4427,1,3317,647,1091
3242,3974,4435,1,3298,646,1091
3247,3979,4442,1,3298,646,1091
3251,3984,4450,1,3298,646,1105
3255,3989,4457,1,3298,646,1099
3259,3995,4465,1,3298,646,1099
3263,4000,4472,1,3298,646,1095
3268,4006,4480,1,3298,646,1089
3273,4012,4487,1,3298,646,1097
3277,4018,4495,1,3298,646,1103
3280,4024,4502,1,3298,646,1091
3283,4031,4510,1,3298,646,1091
3286,4037,4517,1,3298,646,1107
3289,4043,4525,1,3298,646,1101
3292,4050,4532,1,3298,646,1087
3295,4057,4540,1,3298,646,1081
3298,4064,4547,1,3307,637,1081
3301,4071,4555,1,3307,637,1077
3304,4079,4562,1,3307,637,1087
3307,4085,4570,1,3297,636,1093
3309,4092,4577,1,3297,636,1083
3312,4099,4585,1,3297,636,1081
3315,4106,4592,1,3297,636,1083
3318,4115,4600,1,3297,636,1083
3321,4123,4607,1,3297,636,1069
3323,4132,4615,1,3297,636,1083
3326,4141,4622,1,3297,636,1073
3327,4150,4630,1,3297,636,1071
3328,4157,4638,1,3307,637,1077
3330,4164,4645,1,3307,637,1071
3330,4172,4653,1,3307,637,1073
3331,4179,4660,1,3307,637,1069
3331,4187,4668,1,3307,637,1071
3331,4195,4675,1,3307,637,1077
3331,4203,4683,1,3307,637,1073
3331,4211,4690,1,3326,637,1075
3331,4218,4698,1,3326,637,1071
3331,4226,4705,1,3326,637,1075
3331,4233,4713,1,3326,637,1077
3331,4241,4720,1,3326,637,1075
3331,4249,4728,1,3326,637,1087
3331,4256,4735,1,3326,637,1093
3331,4264,4743,1,3326,637,1101
3330,4272,4750,1,3326,637,1099
3329,4279,4758,1,3326,637,1097
3329,4287,4765,1,3326,637,1089
3328,4294,4773,1,3326,637,1095
3327,4302,4780,1,3326,637,1095
3326,4309,4788,1,3307,637,1089
3325,4317,4795,1,3307,637,1073
3324,4324,4803,1,3307,637,1081
3322,4331,4810,1,3307,637,1087
3321,4339,4818,1,3307,637,1073
3320,4347,4825,1,3307,637,1071
3319,4355,4833,1,3307,637,1077
3318,4362,4840,1,3307,637,1071
3317,4369,4848,1,3307,637,1075
3316,4376,4855,1,3307,637,1075
3315,4381,4863,1,3326,637,1077
3314,4387,4871,1,3326,637,1083
3313,4392,4878,1,3326,637,1081
3311,4397,4886,1,3326,637,1083
3310,4402,4893,1,3326,637,1079
3309,4408,4901,1,3326,637,1081
3308,4413,4908,1,3326,637,1077
3307,4418,4916,1,3326,637,1073
3307,4423,4923,1,3326,637,1077
3306,4428,4931,1,3326,637,1081
3305,4432,4938,1,3326,637,1087
3305,4437,4946,1,3307,637,1085
3304,4441,4953,1,3307,637,1083
3302,4446,4961,1,3307,637,1079
3302,4450,4968,1,3307,637,1083
3301,4454,4976,1,3307,637,1081
3300,4459,4983,1,3307,637,1077
3299,4464,4991,1,3307,637,1079
3297,4470,4998,1,3307,637,1079
3296,4475,5006,1,3307,637,1089
3294,4479,5013,1,3307,637,1065
3293,4485,5021,1,3307,637,1063
3291,4490,5028,1,3307,637,1077
3289,4495,5036,1,3326,637,1069
3286,4501,5043,1,3326,637,1071
3283,4507,5051,1,3336,638,1065
3281,4512,5058,1,3336,638,1055
3278,4518,5066,1,3336,638,1063
3275,4523,5073,1,3336,638,1063
3272,4528,5081,1,3356,639,1061
3269,4533,5088,1,3356,639,1053
3266,4538,5096,1,3356,639,1047
3263,4543,5104,1,3356,639,1053
3260,4547,5111,1,3356,639,1049
3256,4552,5119,1,3356,639,1055
3251,4556,5126,1,3356,639,1059
3248,4561,5134,1,3356,639,1047
3244,4567,5141,1,3355,629,1055
3240,4572,5149,1,3355,629,1065
3236,4578,5156,1,3355,629,1055
3232,4582,5164,1,3355,629,1055
3228,4588,5171,1,3355,629,1061
3224,4593,5179,1,3356,639,1059
3220,4599,5186,1,3356,639,1051
3216,4605,5194,1,3356,639,1055
3211,4611,5201,1,3356,639,1043
3206,4616,5209,1,3356,639,1047
3201,4622,5216,1,3347,648,1043
3195,4627,5224,1,3347,648,1045
3190,4633,5231,1,3347,648,1039
3184,4639,5239,1,3347,648,1027
3178,4645,5246,1,3347,648,1025
3172,4650,5254,1,3326,637,1027
3166,4656,5261,1,3326,637,1037
3159,4661,5269,1,3338,657,1023
3153,4666,5276,1,3338,657,1025
3147,4670,5284,1,3338,657,1029
3140,4674,5291,1,3338,657,1039
3132,4679,5299,1,3338,657,1041
3125,4682,5306,1,3338,657,1037
3117,4686,5314,1,3338,657,1033
3109,4690,5321,1,3338,657,1041
3100,4693,5329,1,3347,648,1049
3092,4697,5337,1,3347,648,1041
3084,4700,5344,1,3347,648,1035
3075,4704,5352,1,3347,648,1041
3067,4707,5359,1,3347,648,1019
3059,4710,5367,1,3347,648,1037
3051,4713,5374,1,3347,648,1029
3044,4716,5382,1,3347,648,1033
3037,4720,5389,1,3347,648,1035
3031,4723,5397,1,3347,648,1029
3024,4726,5404,1,3356,639,1041
3018,4730,5412,1,3356,639,1043
3012,4732,5419,1,3356,639,1045
3006,4735,5427,1,3356,639,1041
3000,4738,5434,1,3356,639,1047
2994,4741,5442,1,3356,639,1043
2989,4743,5449,1,3356,639,1045
2983,4745,5457,1,3356,639,1043
2977,4746,5464,1,3356,639,1055
2970,4746,5472,1,3366,639,1049
2962,4746,5479,1,3366,639,1047
2954,4746,5487,1,3366,639,1053
2947,4746,5494,1,3366,639,1051
2940,4746,5502,1,3375,630,1051
2933,4746,5509,1,3375,630,1051
2926,4746,5517,1,3375,630,1057
2919,4746,5524,1,3366,639,1059
2912,4745,5532,1,3366,639,1069
2905,4745,5539,1,3366,639,1065
2898,4744,5547,1,3366,639,1069
2892,4744,5554,1,3366,639,1077
2885,4743,5562,1,3366,639,1069
2877,4743,5570,1,3357,649,1065
2870,4742,5577,1,3357,649,1081
2862,4741,5585,1,3357,649,1079
2854,4741,5592,1,3357,649,1077
2845,4741,5600,1,3357,649,1071
2836,4741,5607,1,3357,649,1081
2828,4741,5615,1,3357,649,1087
2819,4741,5622,1,3357,649,1083
2810,4741,5630,1,3357,649,1077
2801,4741,5637,1,3357,649,1071
2792,4741,5645,1,3357,649,1079
2784,4741,5652,1,3357,649,1081
2775,4741,5660,1,3357,649,1077
2767,4741,5667,1,3357,649,1077
2758,4741,5675,1,3357,649,1061
2749,4741,5682,1,3357,649,1073
2741,4740,5690,1,3357,649,1063
2732,4739,5697,1,3366,639,1075
2723,4737,5705,1,3366,639,1073
2715,4736,5712,1,3366,639,1081
2706,4734,5720,1,3366,639,1075
2697,4732,5727,1,3366,639,1081
2688,4729,5735,1,3366,639,1077
2679,4725,5742,1,3366,639,1077
2670,4721,5750,1,3366,639,1077
2661,4718,5757,1,3375,630,1077
2652,4714,5765,1,3375,630,1075
2643,4710,5772,1,3375,630,1083
2634,4707,5780,1,3375,630,1077
2626,4705,5787,1,3375,630,1077
2617,4702,5795,1,3375,630,1071
2608,4699,5803,1,3375,630,1071
2599,4697,5810,1,3375,630,1079
2590,4694,5818,1,3375,630,1077
2581,4692,5825,1,3366,639,1079
2572,4689,5833,1,3366,639,1065
2564,4687,5840,1,3366,639,1061
2556,4684,5848,1,3366,639,1055
2549,4682,5855,1,3366,639,1053
2541,4680,5863,1,3357,649,1059
2534,4677,5870,1,3357,649,1055
2526,4674,5878,1,3357,649,1057
2518,4670,5885,1,3377,649,1061
2511,4667,5893,1,3377,649,1055
2504,4663,5900,1,3377,649,1055
2498,4660,5908,1,3368,659,1061
2492,4657,5915,1,3368,659,1049
2486,4654,5923,1,3368,659,1051
2480,4651,5930,1,3368,659,1053
2473,4648,5938,1,3377,649,1047
2467,4644,5945,1,3377,649,1063
2460,4639,5953,1,3377,649,1049
2454,4635,5960,1,3377,649,1055
2448,4631,5968,1,3377,649,1049
2442,4627,5975,1,3398,660,1049
2437,4624,5983,1,3407,651,1049
2431,4620,5990,1,3407,651,1047
2425,4616,5998,1,3407,651,1049
2419,4612,6005,1,3407,651,1051
2413,4608,6013,1,3407,651,1037
2406,4604,6020,1,3407,651,1035
2400,4601,6028,1,3407,651,1033
2394,4597,6036,1,3406,641,1025
2388,4594,6043,1,3406,641,1015
2383,4592,6051,1,3406,641,1009
2378,4589,6058,1,3406,641,1009
2373,4587,6066,1,3406,641,1013
2368,4584,6073,1,3406,641,1013
2364,4582,6081,1,3406,641,1015
2360,4580,6088,1,3406,641,1023
2357,4579,6096,1,3406,641,1023
2353,4577,6103,1,3386,640,1025
2350,4576,6111,1,3386,640,1035
2347,4574,6118,1,3386,640,1049
2343,4572,6126,1,3386,640,1041
2340,4569,6133,1,3386,640,1051
2336,4566,6141,1,3386,640,1055
2332,4563,6148,1,3386,640,1051
2328,4559,6156,1,3386,640,1047
2324,4554,6163,1,3386,640,1059
2320,4549,6171,1,3366,639,1063
2317,4545,6178,1,3366,639,1059
2314,4542,6186,1,3366,639,1059
2311,4539,6193,1,3366,639,1061
2309,4536,6201,1,3386,640,1069
2307,4534,6208,1,3386,640,1067
2306,4533,6216,1,3386,640,1065
2304,4531,6223,1,3386,640,1067
2303,4529,6231,1,3396,641,1069
2302,4527,6238,1,3396,641,1075
2300,4525,6246,1,3396,641,1077
2298,4522,6253,1,3396,641,1075
2296,4520,6261,1,3396,641,1075
2293,4516,6268,1,3396,641,1063
2291,4513,6276,1,3396,641,1063
2289,4511,6284,1,3406,641,1059
2286,4508,6291,1,3406,641,1057
2283,4504,6299,1,3406,641,1057
2280,4501,6306,1,3416,632,1049
2277,4498,6314,1,3416,632,1047
2275,4494,6321,1,3416,632,1047
2273,4491,6329,1,3416,632,1045
2271,4488,6336,1,3416,632,1051
2269,4484,6344,1,3416,632,1059
2268,4481,6351,1,3416,632,1059
2266,4477,6359,1,3416,632,1057
2265,4473,6366,1,3416,632,1055
2263,4469,6374,1,3416,632,1051
2262,4465,6381,1,3416,632,1055
2261,4461,6389,1,3416,632,1065
2260,4458,6396,1,3416,632,1059
2260,4454,6404,1,3416,632,1049
2259,4450,6411,1,3416,632,1051
2258,4446,6419,1,3416,632,1061
2257,4441,6426,1,3416,632,1065
2256,4436,6434,1,3416,632,1059
2255,4432,6441,1,3416,632,1057
2255,4428,6449,1,3416,632,1053
2254,4424,6456,1,3416,632,1061
2252,4419,6464,1,3416,632,1053
2251,4414,6471,1,3416,632,1065
2249,4409,6479,1,3416,632,1057
2248,4405,6486,1,3416,632,1055
2247,4400,6494,1,3416,632,1047
2246,4395,6501,1,3416,632,1055
2245,4390,6509,1,3416,632,1063
2244,4384,6517,1,3416,632,1057
2243,4378,6524,1,3416,632,1069
2242,4371,6532,1,3416,632,1063
2241,4363,6539,1,3416,632,1057
2241,4356,6547,1,3416,632,1051
2241,4348,6554,1,3416,632,1049
2241,4339,6562,1,3416,632,1063
2241,4331,6569,1,3416,632,1045
2241,4322,6577,1,3416,632,1061
2241,4312,6584,1,3416,632,1069
2241,4303,6592,1,3416,632,1055
2241,4294,6599,1,3395,631,1061
2241,4284,6607,1,3395,631,1067
2241,4275,6614,1,3395,631,1077
2241,4265,6622,1,3395,631,1077
2243,4255,6629,1,3395,631,1085
2244,4247,6637,1,3395,631,1083
2245,4238,6644,1,3416,632,1099
2246,4229,6652,1,3416,632,1069
2248,4221,6659,1,3416,632,1071
2249,4212,6667,1,3406,641,1079
2251,4204,6674,1,3406,641,1079
2252,4195,6682,1,3406,641,1075
2254,4187,6689,1,3406,641,1059
2256,4180,6697,1,3406,641,1055
2258,4172,6704,1,3406,641,1067
2259,4163,6712,1,3406,641,1051
2261,4155,6719,1,3406,641,1055
2262,4146,6727,1,3406,641,1067
2263,4137,6734,1,3406,641,1057
2265,4129,6742,1,3406,641,1049
2267,4121,6750,1,3396,641,1055
2269,4112,6757,1,3396,641,1043
2270,4103,6765,1,3386,640,1053
2273,4095,6772,1,3386,640,1081
2275,4086,6780,1,3386,640,1049
2278,4078,6787,1,3407,651,1073
2281,4070,6795,1,3407,651,1051
2284,4062,6802,1,3407,651,1047
2287,4054,6810,1,3407,651,1065
2290,4045,6817,1,3386,640,1083
2293,4036,6825,1,3386,640,1043
2295,4028,6832,1,3386,640,1061
2298,4019,6840,1,3386,640,1047
2301,4011,6847,1,3386,640,1049
2303,4003,6855,1,3386,640,1071
2305,3995,6862,1,3386,640,1047
2307,3987,6870,1,3386,640,1069
2309,3980,6877,1,3386,640,1067
2312,3973,6885,1,3366,639,1065
2314,3966,6892,1,3366,639,1065
2317,3960,6900,1,3366,639,1079
2320,3953,6907,1,3366,639,1075
2323,3946,6915,1,3366,639,1069
2326,3940,6922,1,3366,639,1067
2329,3934,6930,1,3366,639,1057
2332,3929,6937,1,3366,639,1051
2335,3922,6945,1,3366,639,1049
2337,3916,6952,1,3366,639,1045
2340,3909,6960,1,3366,639,1071
2343,3903,6967,1,3366,639,1055
2346,3896,6975,1,3366,639,1047
2348,3889,6983,1,3366,639,1059
2351,3882,6990,1,3366,639,1047
2354,3874,6998,1,3357,649,1087
2357,3867,7005,1,3357,649,1067
2359,3860,7013,1,3357,649,1069
2362,3853,7020,1,3357,649,1071
2365,3847,7028,1,3357,649,1091
2368,3840,7035,1,3357,649,1097
2371,3834,7043,1,3357,649,1079
2374,3828,7050,1,3357,649,1079
2377,3821,7058,1,3357,649,1097
2380,3815,7065,1,3357,649,1087
2383,3809,7073,1,3357,649,1089
2386,3804,7080,1,3357,649,1087
2389,3799,7088,1,3357,649,1085
2392,3794,7095,1,3357,649,1081
2394,3789,7103,1,3348,658,1085
2396,3784,7110,1,3348,658,1075
2398,3778,7118,1,3348,658,1101
2400,3773,7125,1,3348,658,1099
2402,3768,7133,1,3348,658,1077
2403,3763,7140,1,3348,658,1089
2405,3758,7148,1,3348,658,1091
2408,3753,7155,1,3348,658,1091
2410,3748,7163,1,3348,658,1081
2413,3743,7170,1,3348,658,1081
2417,3738,7178,1,3348,658,1095
2420,3732,7185,1,3348,658,1087
2423,3727,7193,1,3348,658,1087
2427,3722,7200,1,3348,658,1091
2430,3717,7208,1,3348,658,1085
2433,3712,7216,1,3348,658,1081
2436,3706,7223,1,3348,658,1085
2439,3699,7231,1,3348,658,1101
2442,3693,7238,1,3357,649,1101
2445,3687,7246,1,3357,649,1117
2449,3682,7253,1,3347,648,1105
2452,3677,7261,1,3347,648,1105
2455,3673,7268,1,3347,648,1131
2459,3668,7276,1,3356,639,1129
2462,3663,7283,1,3356,639,1113
2466,3659,7291,1,3356,639,1137
2469,3654,7298,1,3356,639,1139
2472,3650,7306,1,3336,638,1119
2475,3647,7313,1,3336,638,1139
2478,3642,7321,1,3345,628,1131
2481,3638,7328,1,3345,628,1119
2484,3635,7336,1,3345,628,1151
2487,3632,7343,1,3345,628,1147
2490,3629,7351,1,3345,628,1155
2493,3626,7358,1,3336,638,1135
2497,3623,7366,1,3336,638,1147
2500,3620,7373,1,3336,638,1155
2504,3617,7381,1,3336,638,1159
2507,3614,7388,1,3336,638,1165
2511,3612,7396,1,3336,638,1143
2514,3609,7403,1,3336,638,1159
2519,3606,7411,1,3336,638,1145
2524,3603,7418,1,3336,638,1139
2529,3600,7426,1,3336,638,1171
2534,3598,7433,1,3326,637,1151
2539,3595,7441,1,3326,637,1151
2545,3592,7449,1,3326,637,1147
2551,3590,7456,1,3326,637,1151
2557,3587,7464,1,3326,637,1171
2563,3585,7471,1,3326,637,1135
2570,3583,7479,1,3326,637,1139
2577,3581,7486,1,3326,637,1121
2585,3580,7494,1,3326,637,1153
2593,3579,7501,1,3326,637,1153
2601,3578,7509,1,3326,637,1137
2609,3578,7516,1,3326,637,1123
2617,3577,7524,1,3326,637,1163
2626,3576,7531,1,3317,647,1139
2635,3576,7539,1,3317,647,1151
2644,3575,7546,1,3317,647,1113
2653,3574,7554,1,3317,647,1113
2662,3573,7561,1,3317,647,1131
2670,3573,7569,1,3317,647,1107
2678,3572,7576,1,3317,647,1109
2686,3572,7584,1,3317,647,1123
2695,3572,7591,1,3326,637,1091
2703,3572,7599,1,3326,637,1105
2712,3572,7606,1,3326,637,1087
2721,3572,7614,1,3326,637,1083
2731,3573,7621,1,3326,637,1089
2740,3574,7629,1,3326,637,1079
2750,3574,7636,1,3307,637,1077
2761,3574,7644,1,3307,637,1069
2771,3574,7651,1,3307,637,1057
2783,3575,7659,1,3307,637,1075
2795,3576,7666,1,3307,637,1059
2806,3577,7674,1,3307,637,1079
2818,3578,7682,1,3307,637,1033
2829,3578,7689,1,3307,637,1063
2840,3579,7697,1,3307,637,1055
2850,3580,7704,1,3307,637,1033
2860,3581,7712,1,3307,637,1061
2870,3582,7719,1,3307,637,1069
2880,3583,7727,1,3307,637,1029
2890,3585,7734,1,3307,637,1027
2901,3587,7742,1,3298,646,1057
2911,3590,7749,1,3298,646,1055
2921,3592,7757,1,3298,646,1029
2932,3595,7764,1,3298,646,1055
2942,3598,7772,1,3298,646,1049
2953,3602,7779,1,3298,646,1051
2963,3605,7787,1,3298,646,1021
2973,3609,7794,1,3298,646,1031
2983,3612,7802,1,3298,646,1057
2993,3615,7809,1,3298,646,1033
3002,3619,7817,1,3298,646,1045
3011,3621,7824,1,3298,646,1041
3020,3624,7832,1,3289,656,1041
3029,3627,7839,1,3289,656,1029
3037,3629,7847,1,3309,656,1023
3044,3631,7854,1,3309,656,1035
3051,3633,7862,1,3317,647,1037
3058,3635,7869,1,3317,647,1035
3064,3636,7877,1,3317,647,1035
3069,3637,7884,1,3317,647,1045
3075,3638,7892,1,3317,647,1033
3080,3639,7899,1,3317,647,1035
3086,3641,7907,1,3317,647,1033
3091,3643,7915,1,3317,647,1015
3097,3646,7922,1,3317,647,1015
3104,3650,7930,1,3317,647,1021
3111,3653,7937,1,3326,637,1011
3118,3657,7945,1,3326,637,991
3126,3661,7952,1,3326,637,1021
3134,3666,7960,1,3326,637,1007
3141,3670,7967,1,3326,637,1019
3149,3674,7975,1,3326,637,1025
3156,3679,7982,1,3326,637,1011
3163,3684,7990,1,3326,637,1005
3170,3690,7997,1,3326,637,1005
3177,3694,8005,1,3326,637,1005
3184,3698,8012,1,3326,637,1009
3190,3702,8020,1,3317,647,1017
3197,3705,8027,1,3317,647,1003
3204,3709,8035,1,3317,647,1021
3211,3714,8042,1,3317,647,977
3217,3718,8050,1,3317,647,985
3224,3722,8057,1,3317,647,997
3230,3725,8065,1,3317,647,1003
3237,3728,8072,1,3317,647,1005
3243,3731,8080,1,3317,647,1023
3249,3734,8087,1,3317,647,1003
3255,3737,8095,1,3298,646,1017
3260,3740,8102,1,3298,646,1009
3266,3743,8110,1,3298,646,1031
3271,3746,8117,1,3298,646,1025
3277,3749,8125,1,3298,646,1041
3283,3753,8132,1,3298,646,1023
3288,3756,8140,1,3298,646,1043
3293,3759,8147,1,3298,646,1051
3297,3763,8155,1,3298,646,1041
3302,3767,8163,1,3298,646,1029
3307,3771,8170,1,3298,646,1035
3312,3775,8178,1,3298,646,1029
3318,3779,8185,1,3298,646,1051
3323,3783,8193,1,3298,646,1031
3329,3788,8200,1,3298,646,1021
3335,3792,8208,1,3298,646,1037
3341,3797,8215,1,3289,656,1029
3346,3801,8223,1,3289,656,1025
3352,3806,8230,1,3289,656,1033
3357,3810,8238,1,3289,656,1017
3363,3815,8245,1,3289,656,1033
3368,3818,8253,1,3289,656,1029
3372,3822,8260,1,3289,656,1049
3376,3825,8268,1,3289,656,1055
3380,3829,8275,1,3289,656,1037
3384,3833,8283,1,3289,656,1041
3388,3837,8290,1,3289,656,1043
3391,3841,8298,1,3289,656,1037
3395,3846,8305,1,3289,656,1033
3398,3850,8313,1,3289,656,1029
3402,3855,8320,1,3270,645,1029
3405,3860,8328,1,3270,645,1025
3409,3866,8335,1,3289,656,1029
3412,3871,8343,1,3289,656,1023
3415,3876,8350,1,3289,656,1027
3418,3880,8358,1,3289,656,1033
3422,3885,8365,1,3289,656,1015
3426,3890,8373,1,3289,656,1015
3430,3896,8380,1,3298,646,1011
3434,3903,8388,1,3317,647,1015
3438,3909,8396,1,3317,647,1027
3442,3914,8403,1,3317,647,1021
3445,3920,8411,1,3326,637,1023
3448,3925,8418,1,3326,637,1023
3452,3930,8426,1,3326,637,1027
3455,3935,8433,1,3347,648,1025
3457,3940,8441,1,3347,648,1033
3460,3945,8448,1,3356,639,1023
3463,3951,8456,1,3356,639,1019
3466,3957,8463,1,3336,638,1011
3469,3963,8471,1,3336,638,1015
3473,3969,8478,1,3336,638,1023
3477,3975,8486,1,3336,638,999
3481,3982,8493,1,3336,638,1021
3484,3989,8501,1,3336,638,1023
3487,3997,8508,1,3336,638,1017
3490,4005,8516,1,3336,638,1007
3493,4012,8523,1,3336,638,1011
3496,4018,8531,1,3336,638,1015
3498,4024,8538,1,3336,638,1017
3500,4031,8546,1,3336,638,1017
3502,4037,8553,1,3336,638,1017
3504,4044,8561,1,3336,638,993
3507,4050,8568,1,3336,638,991
3509,4057,8576,1,3336,638,999
3511,4063,8583,1,3336,638,993
3513,4068,8591,1,3345,628,987
3515,4074,8598,1,3345,628,987
3517,4079,8606,1,3345,628,991
3519,4085,8613,1,3345,628,977
3522,4091,8621,1,3345,628,973
3525,4097,8629,1,3345,628,977
3528,4103,8636,1,3345,628,983
3531,4108,8644,1,3345,628,985
3534,4113,8651,1,3345,628,979
3537,4118,8659,1,3345,628,983
3540,4123,8666,1,3345,628,995
3542,4127,8674,1,3345,628,1005
3544,4130,8681,1,3345,628,999
3546,4133,8689,1,3345,628,975
3549,4137,8696,1,3345,628,979
3551,4141,8704,1,3324,617,977
3553,4144,8711,1,3324,617,975
3556,4148,8719,1,3324,617,977
3558,4152,8726,1,3324,617,977
3561,4155,8734,1,3324,617,983
3563,4159,8741,1,3324,617,973
3565,4164,8749,1,3324,617,965
3567,4168,8756,1,3324,617,957
3570,4174,8764,1,3324,617,947
3572,4179,8771,1,3324,617,947
3574,4183,8779,1,3316,627,939
3576,4188,8786,1,3316,627,931
3578,4192,8794,1,3336,638,943
3581,4198,8801,1,3336,638,951
3583,4203,8809,1,3336,638,931
3585,4208,8816,1,3336,638,939
3587,4214,8824,1,3336,638,927
3589,4219,8831,1,3336,638,935
3590,4223,8839,1,3356,639,935
3591,4228,8846,1,3356,639,927
3592,4233,8854,1,3356,639,937
3594,4238,8862,1,3356,639,949
3595,4243,8869,1,3356,639,955
3597,4249,8877,1,3356,639,949
3599,4255,8884,1,3356,639,953
3600,4261,8892,1,3356,639,953
3602,4268,8899,1,3356,639,953
3604,4275,8907,1,3356,639,953
3605,4281,8914,1,3356,639,955
3606,4288,8922,1,3356,639,947
3608,4295,8929,1,3356,639,939
3609,4302,8937,1,3355,629,945
3609,4309,8944,1,3355,629,951
3609,4316,8952,1,3355,629,943
3609,4323,8959,1,3355,629,931
3609,4331,8967,1,3355,629,929
3609,4338,8974,1,3355,629,935
3608,4344,8982,1,3355,629,935
3607,4351,8989,1,3355,629,935
3606,4358,8997,1,3355,629,949
3605,4364,9004,1,3355,629,945
3603,4371,9012,1,3355,629,943
3602,4378,9019,1,3355,629,937
3600,4385,9027,1,3355,629,951
3599,4392,9034,1,3355,629,953
3597,4398,9042,1,3355,629,945
3594,4405,9049,1,3355,629,961
3592,4411,9057,1,3355,629,963
3590,4418,9064,1,3355,629,975
3588,4426,9072,1,3364,619,979
3585,4433,9079,1,3354,619,979
3583,4441,9087,1,3364,619,977
3580,4448,9095,1,3364,619,975
3577,4456,9102,1,3364,619,1001
3574,4463,9110,1,3364,619,985
3570,4471,9117,1,3364,619,985
3566,4478,9125,1,3364,619,985
3563,4487,9132,1,3364,619,993
3560,4496,9140,1,3364,619,981
3557,4505,9147,1,3364,619,993
3553,4514,9155,1,3364,619,997
3549,4523,9162,1,3364,619,989
3545,4530,9170,1,3384,620,993
3540,4538,9177,1,3375,630,999
3535,4546,9185,1,3375,630,997
3530,4554,9192,1,3375,630,991
3525,4562,9200,1,3375,630,997
3520,4570,9207,1,3366,639,987
3515,4578,9215,1,3366,639,987
3510,4587,9222,1,3366,639,991
3505,4595,9230,1,3357,649,993
3499,4602,9237,1,3357,649,993
3493,4610,9245,1,3347,648,995
3487,4617,9252,1,3347,648,997
3481,4623,9260,1,3347,648,995
3476,4630,9267,1,3338,657,997
3471,4638,9275,1,3348,658,999
3466,4645,9282,1,3348,658,1001
3461,4652,9290,1,3348,658,997
3456,4659,9297,1,3348,658,1001
3451,4665,9305,1,3348,658,1019
3445,4671,9312,1,3357,649,1007
3440,4678,9320,1,3357,649,1007
3435,4684,9328,1,3357,649,1005
3430,4691,9335,1,3357,649,1005
3425,4698,9343,1,3357,649,1009
3419,4704,9350,1,3357,649,997
3414,4709,9358,1,3357,649,987
3408,4715,9365,1,3366,639,1005
3403,4721,9373,1,3366,639,991
3397,4727,9380,1,3366,639,989
3391,4733,9388,1,3366,639,1001
3384,4739,9395,1,3366,639,993
3377,4745,9403,1,3366,639,985
3371,4751,9410,1,3366,639,981
3365,4756,9418,1,3366,639,995
3359,4762,9425,1,3356,639,987
3353,4767,9433,1,3356,639,989
3346,4772,9440,1,3355,629,985
3340,4776,9448,1,3355,629,991
3335,4781,9455,1,3355,629,975
3329,4786,9463,1,3355,629,995
3324,4790,9470,1,3355,629,991
3319,4795,9478,1,3355,629,985
3313,4800,9485,1,3355,629,983
3308,4804,9493,1,3355,629,979
3303,4808,9500,1,3355,629,981
3297,4812,9508,1,3355,629,981
3291,4816,9515,1,3375,630,981
3285,4819,9523,1,3375,630,995
3278,4823,9530,1,3375,630,983
3272,4827,9538,1,3384,620,985
3266,4831,9545,1,3384,620,977
3260,4835,9553,1,3384,620,993
3254,4839,9561,1,3384,620,995
3248,4843,9568,1,3395,631,973
3241,4846,9576,1,3396,641,985
3235,4850,9583,1,3396,641,999
3229,4853,9591,1,3396,641,973
3223,4857,9598,1,3396,641,975
3217,4861,9606,1,3396,641,979
3211,4865,9613,1,3386,640,973
3204,4869,9621,1,3386,640,983
3197,4872,9628,1,3386,640,979
3190,4876,9636,1,3386,640,973
3182,4879,9643,1,3386,640,979
3175,4882,9651,1,3386,640,975
3168,4885,9658,1,3377,649,983
3160,4888,9666,1,3377,649,975
3152,4891,9673,1,3377,649,985
3145,4893,9681,1,3377,649,979
3136,4896,9688,1,3377,649,977
3127,4898,9696,1,3377,649,985
3118,4900,9703,1,3377,649,977
3110,4902,9711,1,3386,640,975
3101,4905,9718,1,3386,640,987
3092,4907,9726,1,3386,640,985
3083,4910,9733,1,3386,640,975
3075,4913,9741,1,3386,640,987
3066,4916,9748,1,3386,640,979
3057,4919,9756,1,3386,640,969
3049,4922,9763,1,3386,640,971
3039,4925,9771,1,3396,641,971
3030,4928,9778,1,3396,641,981
3020,4930,9786,1,3396,641,967
3010,4933,9794,1,3396,641,965
3001,4935,9801,1,3396,641,951
2992,4937,9809,1,3396,641,947
2983,4940,9816,1,3396,641,953
2974,4941,9824,1,3395,631,959
2965,4943,9831,1,3395,631,951
2956,4944,9839,1,3395,631,953
2946,4945,9846,1,3396,641,955
2937,4947,9854,1,3396,641,957
2929,4948,9861,1,3396,641,955
2920,4949,9869,1,3396,641,965
2911,4950,9876,1,3396,641,953
2901,4951,9884,1,3396,641,951
2891,4952,9891,1,3386,640,955
2882,4953,9899,1,3386,640,949
2872,4953,9906,1,3386,640,941
2862,4954,9914,1,3386,640,935
2853,4954,9921,1,3386,640,947
2843,4955,9929,1,3386,640,941
2833,4956,9936,1,3386,640,941
2824,4956,9944,1,3386,640,947
2814,4958,9951,1,3386,640,949
2804,4958,9959,1,3386,640,951
2794,4960,9966,1,3386,640,947
2783,4961,9974,1,3386,640,953
2773,4962,9981,1,3386,640,949
2763,4963,9989,1,3386,640,947
2753,4963,9996,1,3386,640,947
2743,4963,10004,1,3396,641,931
2734,4963,10011,1,3396,641,933
2725,4963,10019,1,3396,641,941
2715,4963,10026,1,3396,641,931
2706,4962,10034,1,3396,641,935
2696,4961,10042,1,3396,641,933
2687,4960,10049,1,3396,641,931
2677,4959,10057,1,3395,631,923
2668,4958,10064,1,3395,631,923
2658,4956,10072,1,3395,631,933
2649,4954,10079,1,3395,631,935
2639,4952,10087,1,3395,631,925
2630,4951,10094,1,3395,631,919
2621,4950,10102,1,3395,631,925
2612,4949,10109,1,3404,622,925
2603,4948,10117,1,3404,622,931
2594,4947,10124,1,3413,612,929
2586,4946,10132,1,3404,622,925
2578,4945,10139,1,3425,623,929
2570,4945,10147,1,3425,623,919
2562,4945,10154,1,3425,623,921
2555,4944,10162,1,3416,632,923
2547,4944,10169,1,3416,632,923
2538,4942,10177,1,3416,632,915
2529,4940,10184,1,3416,632,915
2520,4937,10192,1,3416,632,917
2511,4934,10199,1,3436,633,935
2503,4931,10207,1,3436,633,917
2494,4929,10214,1,3427,642,931
2486,4926,10222,1,3427,642,929
2477,4923,10229,1,3418,651,939
2469,4919,10237,1,3418,651,943
2459,4916,10244,1,3418,651,935
2451,4913,10252,1,3418,651,937
2442,4910,10259,1,3418,651,933
2434,4908,10267,1,3427,642,929
2426,4905,10275,1,3427,642,939
2417,4902,10282,1,3427,642,927
2409,4899,10290,1,3427,642,935
2401,4897,10297,1,3427,642,921
2393,4894,10305,1,3427,642,927
2385,4892,10312,1,3427,642,917
2377,4890,10320,1,3427,642,923
2369,4888,10327,1,3427,642,929
2361,4886,10335,1,3416,632,911
2354,4883,10342,1,3416,632,935
2347,4881,10350,1,3416,632,921
2340,4879,10357,1,3416,632,933
2333,4876,10365,1,3416,632,933
2326,4873,10372,1,3416,632,929
2319,4870,10380,1,3416,632,931
2311,4866,10387,1,3416,632,939
2303,4862,10395,1,3416,632,929
2295,4857,10402,1,3416,632,931
2288,4853,10410,1,3425,623,941
2280,4849,10417,1,3425,623,941
2273,4845,10425,1,3425,623,941
2266,4841,10432,1,3436,623,933
2259,4836,10440,1,3436,623,935
2252,4831,10447,1,3436,633,933
2245,4826,10455,1,3436,633,925
2238,4820,10462,1,3436,633,935
2230,4814,10470,1,3436,633,923
2224,4808,10477,1,3427,642,939
2217,4802,10485,1,3427,642,939
2211,4796,10492,1,3427,642,937
2205,4791,10500,1,3427,642,931
2199,4786,10508,1,3418,651,927
2194,4782,10515,1,3418,651,913
2188,4777,10523,1,3418,651,921
2183,4772,10530,1,3418,651,913
2177,4767,10538,1,3418,660,909
2171,4763,10545,1,3418,660,919
2164,4758,10553,1,3418,660,921
2158,4753,10560,1,3418,660,907
2151,4749,10568,1,3418,660,913
2145,4744,10575,1,3418,660,909
2139,4739,10583,1,3418,660,903
2133,4734,10590,1,3418,651,911
2126,4729,10598,1,3418,651,901
2120,4723,10605,1,3418,651,905
2113,4718,10613,1,3418,651,903
2107,4712,10620,1,3418,651,907
2103,4708,10628,1,3418,651,907
2099,4704,10635,1,3418,651,897
2095,4701,10643,1,3418,651,887
2092,4696,10650,1,3427,642,899
2088,4691,10658,1,3427,642,911
2085,4686,10665,1,3427,642,917
2081,4680,10673,1,3427,642,917
2078,4676,10680,1,3427,642,915
2075,4672,10688,1,3448,643,915
2073,4669,10695,1,3448,643,907
2071,4666,10703,1,3448,643,909
2070,4662,10710,1,3448,643,907
2068,4659,10718,1,3448,643,905
2067,4656,10725,1,3448,643,897
2065,4653,10733,1,3448,643,901
2063,4649,10741,1,3448,643,903
2061,4646,10748,1,3448,643,901
2059,4643,10756,1,3469,643,903
2057,4640,10763,1,3469,643,901
2055,4637,10771,1,3469,643,901
2053,4635,10778,1,3469,643,907
2051,4632,10786,1,3468,634,907
2049,4629,10793,1,3468,634,903
2047,4625,10801,1,3468,634,903
2044,4621,10808,1,3468,634,907
2041,4617,10816,1,3468,634,907
2039,4612,10823,1,3468,634,917
2037,4607,10831,1,3468,634,923
2035,4602,10838,1,3468,634,917
2033,4597,10846,1,3447,633,927
2031,4592,10853,1,3447,633,939
2029,4587,10861,1,3447,633,949
2028,4582,10868,1,3447,633,945
2026,4578,10876,1,3447,633,945
2024,4573,10883,1,3447,633,951
2022,4569,10891,1,3447,633,949
2020,4563,10898,1,3447,633,945
2019,4558,10906,1,3447,633,949
2018,4552,10913,1,3447,633,955
2017,4546,10921,1,3447,633,953
2015,4541,10928,1,3447,633,959
2014,4535,10936,1,3447,633,955
2013,4529,10943,1,3447,633,947
2012,4524,10951,1,3447,633,953
2011,4517,10958,1,3447,633,951
2009,4511,10966,1,3468,634,943
2008,4504,10974,1,3468,634,949
2007,4496,10981,1,3468,634,953
2006,4489,10989,1,3468,634,955
2005,4481,10996,1,3468,634,951
2005,4473,11004,1,3468,634,955
2005,4464,11011,1,3468,634,959
2005,4455,11019,1,3468,634,959
2005,4446,11026,1,3468,634,955
2005,4437,11034,1,3468,634,951
2005,4428,11041,1,3468,634,961
2006,4420,11049,1,3468,634,937
2007,4411,11056,1,3468,634,941
2007,4402,11064,1,3468,634,949
2008,4393,11071,1,3468,634,973
2008,4384,11079,1,3468,634,969
2008,4375,11086,1,3469,643,965
2009,4366,11094,1,3469,643,961
2010,4357,11101,1,3469,643,959
2011,4349,11109,1,3469,643,965
2013,4340,11116,1,3469,643,961
2014,4332,11124,1,3469,643,965
2015,4323,11131,1,3469,643,961
2016,4314,11139,1,3448,643,955
2018,4306,11146,1,3448,643,965
2019,4296,11154,1,3448,643,977
2020,4287,11161,1,3448,643,969
2022,4279,11169,1,3448,643,973
2023,4271,11176,1,3448,643,995
2025,4262,11184,1,3448,643,993
2027,4255,11191,1,3448,643,981
2029,4247,11199,1,3469,643,983
2031,4239,11207,1,3469,643,971
2033,4231,11214,1,3469,643,957
2035,4223,11222,1,3469,643,977
2037,4215,11229,1,3469,643,957
2038,4207,11237,1,3469,643,955
2040,4198,11244,1,3469,643,961
2042,4190,11252,1,3469,643,945
2044,4182,11259,1,3469,643,935
2046,4174,11267,1,3469,643,933
2047,4165,11274,1,3469,643,937
2049,4157,11282,1,3469,643,969
2050,4150,11289,1,3469,643,971
2052,4143,11297,1,3469,643,963
2053,4136,11304,1,3469,643,985
2055,4128,11312,1,3469,643,979
2056,4122,11319,1,3469,643,975
2058,4115,11327,1,3469,643,973
2059,4109,11334,1,3469,643,957
2060,4102,11342,1,3469,643,977
2062,4096,11349,1,3469,643,971
2063,4089,11357,1,3469,643,959
2063,4082,11364,1,3469,643,943
2064,4076,11372,1,3469,643,973
2065,4070,11379,1,3469,643,973
2066,4064,11387,1,3469,643,963
2068,4058,11394,1,3459,652,969
2068,4052,11402,1,3459,652,963
2069,4046,11409,1,3459,652,973
2071,4041,11417,1,3459,652,973
2072,4035,11424,1,3459,652,975
2074,4029,11432,1,3459,652,961
2075,4023,11440,1,3459,652,973
2077,4017,11447,1,3459,652,997
2079,4010,11455,1,3459,652,993
2080,4005,11462,1,3459,652,995
2082,3998,11470,1,3459,652,995
2083,3991,11477,1,3438,652,999
2085,3984,11485,1,3438,652,1021
2087,3978,11492,1,3439,661,1009
2089,3972,11500,1,3439,661,1005
2090,3966,11507,1,3439,661,1003
2092,3960,11515,1,3439,661,1011
2094,3953,11522,1,3439,661,1023
2096,3947,11530,1,3439,661,1033
2098,3941,11537,1,3439,661,1043
2099,3935,11545,1,3439,661,1039
2101,3930,11552,1,3439,661,1051
2103,3925,11560,1,3439,661,1027
2105,3921,11567,1,3439,661,1057
2107,3916,11575,1,3439,661,1053
2109,3912,11582,1,3439,661,1039
2111,3908,11590,1,3439,661,1061
2114,3904,11597,1,3439,661,1045
2116,3900,11605,1,3439,661,1041
2117,3896,11612,1,3450,661,1039
2119,3892,11620,1,3450,661,1047
2121,3888,11627,1,3450,661,1045
2123,3884,11635,1,3450,661,1047
2125,3880,11642,1,3450,661,1043
2128,3876,11650,1,3450,661,1043
2130,3873,11657,1,3450,661,1045
2132,3869,11665,1,3459,652,1051
2135,3864,11673,1,3459,652,1025
2138,3860,11680,1,3459,652,1043
2140,3855,11688,1,3459,652,1065
2143,3850,11695,1,3469,643,1047
2145,3845,11703,1,3469,643,1049
2146,3841,11710,1,3469,643,1059
2149,3835,11718,1,3469,643,1065
2151,3830,11725,1,3468,634,1041
2153,3826,11733,1,3468,634,1079
2156,3821,11740,1,3468,634,1063
2159,3816,11748,1,3467,624,1075
2162,3812,11755,1,3457,624,1075
2165,3807,11763,1,3457,624,1079
2168,3803,11770,1,3457,624,1091
2171,3798,11778,1,3447,633,1091
2173,3794,11785,1,3447,633,1087
2176,3790,11793,1,3447,633,1079
2178,3785,11800,1,3447,633,1079
2181,3781,11808,1,3447,633,1069
2184,3776,11815,1,3447,633,1071
2187,3771,11823,1,3447,633,1075
2190,3767,11830,1,3447,633,1077
2193,3762,11838,1,3447,633,1067
2196,3757,11845,1,3447,633,1027
2199,3751,11853,1,3447,633,1065
2201,3745,11860,1,3447,633,1069
2204,3738,11868,1,3447,633,1069
2206,3732,11875,1,3447,633,1057
2209,3724,11883,1,3447,633,1057
2213,3717,11890,1,3447,633,1063
2216,3710,11898,1,3447,633,1079
2220,3703,11905,1,3447,633,1057
2223,3696,11913,1,3447,633,1073
2227,3689,11921,1,3447,633,1049
2231,3683,11928,1,3447,633,1047
2235,3676,11936,1,3448,643,1057
2240,3669,11943,1,3448,643,1059
2244,3662,11951,1,3448,643,1059
2248,3656,11958,1,3427,642,1049
2252,3648,11966,1,3427,642,1057
2256,3641,11973,1,3427,642,1083
2260,3633,11981,1,3427,642,1075
2264,3627,11988,1,3427,642,1079
2269,3621,11996,1,3427,642,1063
2273,3615,12003,1,3427,642,1077
2278,3609,12011,1,3427,642,1065
2282,3602,12018,1,3427,642,1089
2287,3596,12026,1,3427,642,1091
2291,3590,12033,1,3427,642,1073
2296,3583,12041,1,3427,642,1059
2301,3577,12048,1,3448,643,1075
2307,3571,12056,1,3448,643,1081
2313,3566,12063,1,3438,652,1085
2318,3561,12071,1,3438,652,1087
2324,3557,12078,1,3438,652,1081
2331,3552,12086,1,3438,652,1089
2336,3548,12093,1,3438,652,1073
2342,3543,12101,1,3438,652,1079
2347,3538,12108,1,3418,651,1085
2353,3534,12116,1,3418,660,1087
2359,3529,12123,1,3418,660,1079
2365,3525,12131,1,3418,660,1085
2371,3520,12138,1,3418,660,1107
2376,3515,12146,1,3418,660,1093
2381,3510,12154,1,3418,660,1077
2387,3505,12161,1,3418,660,1101
2392,3501,12169,1,3418,660,1095
2398,3497,12176,1,3418,660,1089
2404,3493,12184,1,3418,660,1095
2410,3489,12191,1,3418,660,1083
2416,3485,12199,1,3418,651,1079
2423,3481,12206,1,3418,651,1075
2429,3478,12214,1,3418,651,1113
2435,3474,12221,1,3418,651,1105
2442,3471,12229,1,3418,651,1075
2448,3468,12236,1,3418,651,1105
2455,3465,12244,1,3418,651,1115
2462,3462,12251,1,3427,642,1093
2469,3459,12259,1,3406,641,1097
2476,3455,12266,1,3406,641,1101
2482,3451,12274,1,3406,641,1089
2489,3448,12281,1,3427,642,1123
2496,3444,12289,1,3427,642,1089
2502,3440,12296,1,3427,642,1115
2509,3437,12304,1,3427,642,1117
2516,3434,12311,1,3427,642,1087
2522,3431,12319,1,3427,642,1087
2529,3429,12326,1,3406,641,1123
2536,3427,12334,1,3406,641,1087
2543,3424,12341,1,3427,642,1083
2551,3422,12349,1,3427,642,1095
2559,3420,12356,1,3418,651,1077
2567,3417,12364,1,3418,651,1079
2575,3415,12371,1,3418,651,1083
2583,3412,12379,1,3418,651,1071
2592,3410,12387,1,3418,651,1075
2601,3408,12394,1,3418,651,1063
2610,3406,12402,1,3418,651,1089
2619,3403,12409,1,3418,651,1065
2628,3401,12417,1,3418,651,1057
2637,3399,12424,1,3407,651,1045
2647,3397,12432,1,3407,651,1045
2657,3395,12439,1,3407,651,1053
2666,3394,12447,1,3407,651,1023
2676,3392,12454,1,3407,651,1001
2686,3391,12462,1,3407,651,1027
2697,3390,12469,1,3407,651,999
2708,3389,12477,1,3407,651,1031
2719,3388,12484,1,3407,651,1009
2730,3388,12492,1,3407,651,997
2741,3387,12499,1,3407,651,1005
2752,3386,12507,1,3407,651,1001
2763,3384,12514,1,3407,651,1015
2774,3383,12522,1,3406,641,985
2784,3382,12529,1,3406,641,1025
2795,3382,12537,1,3406,641,965
2805,3382,12544,1,3406,641,1003
2816,3382,12552,1,3407,651,985
2826,3382,12559,1,3407,651,995
2836,3383,12567,1,3407,651,1003
2845,3384,12574,1,3407,651,993
2854,3385,12582,1,3407,651,995
2864,3386,12589,1,3407,651,1007
2874,3387,12597,1,3407,651,981
2883,3389,12604,1,3398,660,983
2893,3390,12612,1,3398,660,973
2903,3391,12620,1,3398,660,983
2912,3392,12627,1,3398,660,937
2922,3393,12635,1,3398,660,1001
2931,3394,12642,1,3398,660,975
2940,3395,12650,1,3398,660,973
2949,3396,12657,1,3398,660,983
2958,3398,12665,1,3398,660,981
2966,3399,12672,1,3398,660,1009
2975,3401,12680,1,3398,660,997
2983,3403,12687,1,3368,659,993
2991,3405,12695,1,3368,659,971
3000,3408,12702,1,3368,659,979
3009,3410,12710,1,3368,659,973
3019,3413,12717,1,3377,649,963
3028,3416,12725,1,3377,649,997
3037,3419,12732,1,3377,649,953
3047,3422,12740,1,3377,649,971
3056,3424,12747,1,3377,649,985
3065,3427,12755,1,3377,649,969
3073,3430,12762,1,3377,649,983
3082,3433,12770,1,3377,649,999
3090,3437,12777,1,3377,649,971
3099,3440,12785,1,3386,640,999
3107,3444,12792,1,3386,640,995
3115,3447,12800,1,3386,640,993
3124,3450,12807,1,3386,640,993
3133,3454,12815,1,3386,640,999
3143,3458,12822,1,3386,640,957
3152,3463,12830,1,3386,640,983
3161,3467,12837,1,3386,640,1011
3170,3472,12845,1,3386,640,991
3178,3476,12853,1,3386,640,997
3187,3480,12860,1,3386,640,995
3196,3484,12868,1,3386,640,1019
3204,3489,12875,1,3386,640,1009
3213,3492,12883,1,3377,649,1021
3222,3496,12890,1,3377,649,1031
3230,3500,12898,1,3377,649,1029
3239,3504,12905,1,3377,649,1023
3247,3508,12913,1,3377,649,1011
3256,3512,12920,1,3377,649,1005
3264,3515,12928,1,3357,649,1017
3272,3518,12935,1,3357,649,1027
3281,3521,12943,1,3357,649,1021
3289,3525,12950,1,3357,649,1031
3298,3529,12958,1,3357,649,1025
3306,3533,12965,1,3357,649,993
3314,3538,12973,1,3357,649,1025
3322,3542,12980,1,3357,649,1019
3331,3547,12988,1,3348,658,1017
3339,3552,12995,1,3348,658,1035
3347,3556,13003,1,3348,658,1031
3354,3561,13010,1,3338,657,1047
3361,3566,13018,1,3338,657,1011
3368,3570,13025,1,3338,657,1019
3375,3574,13033,1,3338,657,1007
3381,3578,13040,1,3338,657,993
3388,3581,13048,1,3338,657,1019
3395,3584,13055,1,3338,657,1001
3401,3587,13063,1,3347,648,995
3407,3591,13070,1,3357,649,1023
3414,3594,13078,1,3357,649,997
3421,3597,13086,1,3357,649,999
3428,3601,13093,1,3357,649,1005
3435,3605,13101,1,3357,649,1015
3441,3609,13108,1,3366,639,993
3447,3613,13116,1,3366,639,1029
3453,3617,13123,1,3386,640,999
3458,3620,13131,1,3386,640,1025
3463,3623,13138,1,3396,641,1023
3468,3626,13146,1,3396,641,1015
3472,3629,13153,1,3396,641,1025
3477,3633,13161,1,3396,641,1017
3482,3637,13168,1,3396,641,1029
3486,3641,13176,1,3396,641,1019
3491,3646,13183,1,3396,641,1033
3495,3651,13191,1,3396,641,999
3500,3655,13198,1,3396,641,1003
3504,3661,13206,1,3396,641,1017
3508,3666,13213,1,3396,641,1013
3512,3671,13221,1,3396,641,999
3516,3677,13228,1,3396,641,1013
3520,3682,13236,1,3396,641,1017
3523,3687,13243,1,3396,641,1009
3526,3692,13251,1,3396,641,1009
3529,3696,13258,1,3375,630,1007
3532,3701,13266,1,3375,630,1011
3536,3705,13273,1,3375,630,999
3539,3708,13281,1,3375,630,1007
3543,3712,13288,1,3366,639,1003
3548,3717,13296,1,3366,639,1007
3552,3721,13303,1,3366,639,1009
3557,3726,13311,1,3366,639,1005
3560,3731,13319,1,3366,639,1017
3564,3735,13326,1,3366,639,1007
3568,3739,13334,1,3366,639,1015
3571,3744,13341,1,3366,639,1013
3575,3748,13349,1,3366,639,993
3579,3752,13356,1,3366,639,997
3584,3756,13364,1,3366,639,999
3588,3761,13371,1,3366,639,975
3592,3765,13379,1,3366,639,985
3595,3770,13386,1,3366,639,975
3599,3775,13394,1,3366,639,983
3602,3780,13401,1,3366,639,971
3605,3786,13409,1,3366,639,973
3608,3792,13416,1,3366,639,971
3610,3797,13424,1,3366,639,973
3613,3803,13431,1,3366,639,955
3615,3810,13439,1,3366,639,961
3617,3816,13446,1,3366,639,961
3620,3822,13454,1,3366,639,963
3622,3828,13461,1,3366,639,957
3625,3834,13469,1,3366,639,955
3627,3841,13476,1,3366,639,961
3629,3847,13484,1,3375,630,963
3631,3853,13491,1,3375,630,961
3633,3858,13499,1,3375,630,957
3636,3864,13506,1,3375,630,959
3638,3870,13514,1,3375,630,955
3641,3876,13521,1,3375,630,953
3644,3883,13529,1,3375,630,961
3647,3888,13536,1,3366,639,957
3650,3894,13544,1,3366,639,951
3652,3899,13552,1,3366,639,971
3655,3904,13559,1,3386,640,969
3658,3909,13567,1,3386,640,951
3661,3915,13574,1,3386,640,939
3665,3921,13582,1,3386,640,949
3669,3927,13589,1,3386,640,949
3672,3932,13597,1,3386,640,939
3675,3937,13604,1,3386,640,941
3678,3942,13612,1,3386,640,943
3681,3948,13619,1,3386,640,943
3684,3954,13627,1,3386,640,937
3687,3960,13634,1,3386,640,929
3689,3966,13642,1,3386,640,929
3690,3971,13649,1,3386,640,925
3692,3977,13657,1,3386,640,925
3692,3981,13664,1,3386,640,917
3694,3986,13672,1,3386,640,927
3695,3992,13679,1,3386,640,909
3697,3998,13687,1,3386,640,915
3698,4003,13694,1,3386,640,915
3700,4008,13702,1,3366,639,911
3701,4013,13709,1,3366,639,915
3702,4017,13717,1,3366,639,913
3705,4023,13724,1,3366,639,915
3706,4029,13732,1,3366,639,917
3708,4034,13739,1,3366,639,909
3710,4039,13747,1,3366,639,911
3711,4044,13754,1,3366,639,919
3711,4047,13762,1,3366,639,913
3712,4051,13769,1,3366,639,915
3713,4054,13777,1,3366,639,919
3713,4058,13784,1,3366,639,913
3713,4062,13792,1,3366,639,903
3713,4067,13800,1,3366,639,911
3713,4071,13807,1,3375,630,895
3713,4076,13815,1,3375,630,905
3713,4081,13822,1,3375,630,907
3713,4086,13830,1,3375,630,899
3713,4091,13837,1,3375,630,899
3713,4096,13845,1,3375,630,893
3713,4102,13852,1,3375,630,895
3713,4108,13860,1,3375,630,891
3713,4113,13867,1,3375,630,895
3713,4119,13875,1,3375,630,907
3713,4124,13882,1,3375,630,893
3712,4130,13890,1,3375,630,893
3712,4137,13897,1,3375,630,901
3712,4144,13905,1,3375,630,893
3711,4150,13912,1,3375,630,891
3709,4156,13920,1,3375,630,891
3709,4163,13927,1,3375,630,889
3707,4170,13935,1,3375,630,889
3706,4178,13942,1,3375,630,895
3706,4186,13950,1,3375,630,883
3705,4193,13957,1,3375,630,883
3704,4200,13965,1,3375,630,881
3703,4208,13972,1,3396,641,897
3702,4215,13980,1,3396,641,891
3700,4223,13987,1,3396,641,883
3699,4230,13995,1,3396,641,883
3698,4238,14002,1,3396,641,877
3696,4245,14010,1,3396,641,869
3694,4253,14017,1,3396,641,881
3692,4260,14025,1,3396,641,869
3690,4268,14033,1,3396,641,863
3688,4277,14040,1,3396,641,857
3686,4284,14048,1,3396,641,861
3683,4292,14055,1,3396,641,851
3680,4300,14063,1,3396,641,855
3678,4308,14070,1,3396,641,855
3676,4316,14078,1,3396,641,847
3674,4326,14085,1,3396,641,863
3672,4334,14093,1,3396,641,865
3670,4343,14100,1,3396,641,873
3669,4351,14108,1,3395,631,869
3667,4359,14115,1,3395,631,873
3666,4367,14123,1,3395,631,871
3664,4376,14130,1,3384,620,869
3663,4384,14138,1,3384,620,869
3661,4393,14145,1,3384,620,869
3659,4400,14153,1,3384,620,861
3657,4407,14160,1,3384,620,867
3654,4415,14168,1,3384,620,867
3652,4422,14175,1,3384,620,865
3650,4430,14183,1,3384,620,877
3648,4439,14190,1,3384,620,865
3645,4447,14198,1,3384,620,871
3643,4456,14205,1,3384,620,867
3641,4464,14213,1,3384,620,869
3639,4472,14220,1,3384,620,871
3638,4480,14228,1,3384,620,875
3636,4489,14235,1,3384,620,877
3635,4498,14243,1,3384,620,877
3633,4506,14250,1,3384,620,889
3631,4514,14258,1,3384,620,873
3629,4523,14266,1,3395,631,871
3628,4531,14273,1,3395,631,861
3626,4539,14281,1,3395,631,873
3623,4547,14288,1,3395,631,875
3620,4555,14296,1,3395,631,875
3617,4563,14303,1,3395,631,867
3614,4572,14311,1,3395,631,873
3611,4581,14318,1,3393,611,875
3608,4591,14326,1,3393,611,865
3604,4599,14333,1,3393,611,871
3600,4608,14341,1,3393,611,869
3598,4618,14348,1,3393,611,875
3595,4627,14356,1,3393,611,855
3593,4636,14363,1,3393,611,859
3592,4644,14371,1,3393,611,865
3588,4652,14378,1,3393,611,875
3585,4659,14386,1,3393,611,875
3582,4667,14393,1,3404,622,851
3579,4674,14401,1,3404,622,869
3576,4681,14408,1,3404,622,853
3572,4688,14416,1,3404,622,859
3568,4694,14423,1,3413,612,861
3563,4701,14431,1,3393,611,857
3559,4708,14438,1,3393,611,865
3555,4716,14446,1,3393,611,857
3551,4724,14453,1,3393,611,871
3547,4731,14461,1,3393,611,865
3543,4739,14468,1,3393,611,881
3540,4746,14476,1,3393,611,875
3536,4754,14483,1,3393,611,871
3534,4762,14491,1,3393,611,863
3531,4769,14499,1,3393,611,875
3529,4777,14506,1,3393,611,867
3527,4785,14514,1,3393,611,869
3525,4792,14521,1,3393,611,869
3522,4799,14529,1,3393,611,855
3519,4806,14536,1,3384,620,855
3515,4812,14544,1,3384,620,865
3512,4818,14551,1,3384,620,857
3507,4824,14559,1,3395,631,855
3503,4830,14566,1,3396,641,853
3498,4836,14574,1,3396,641,859
3493,4841,14581,1,3396,641,853
3489,4846,14589,1,3396,641,853
3484,4851,14596,1,3386,640,863
3480,4859,14604,1,3386,640,855
3475,4867,14611,1,3386,640,859
3470,4875,14619,1,3386,640,881
3466,4882,14626,1,3386,640,851
3461,4889,14634,1,3386,640,857
3457,4894,14641,1,3386,640,865
3453,4900,14649,1,3386,640,863
3448,4906,14656,1,3396,641,859
3443,4912,14664,1,3396,641,857
3437,4918,14671,1,3396,641,869
3431,4923,14679,1,3396,641,853
3425,4929,14686,1,3396,641,863
3419,4935,14694,1,3396,641,853
3414,4941,14701,1,3396,641,851
3409,4947,14709,1,3395,631,861
3404,4953,14716,1,3395,631,855
3399,4959,14724,1,3395,631,853
3393,4966,14732,1,3395,631,851
3389,4972,14739,1,3395,631,839
3384,4978,14747,1,3395,631,835
3380,4984,14754,1,3395,631,849
3375,4991,14762,1,3395,631,847
3370,4997,14769,1,3404,622,845
3364,5003,14777,1,3404,622,839
3359,5009,14784,1,3404,622,833
3354,5014,14792,1,3425,623,835
3349,5020,14799,1,3425,623,841
3344,5025,14807,1,3425,623,835
3339,5031,14814,1,3425,623,833
3334,5036,14822,1,3425,623,845
3330,5040,14829,1,3404,622,833
3325,5044,14837,1,3404,622,841
3321,5049,14844,1,3404,622,843
3317,5054,14852,1,3404,622,841
3313,5058,14859,1,3404,622,845
3309,5063,14867,1,3404,622,843
3305,5068,14874,1,3404,622,847
3300,5072,14882,1,3404,622,859
3296,5077,14889,1,3404,622,839
3291,5082,14897,1,3404,622,841
3286,5087,14904,1,3413,612,851
3282,5092,14912,1,3413,612,843
3276,5097,14919,1,3413,612,853
3270,5102,14927,1,3413,612,851
3264,5106,14934,1,3413,612,847
3258,5111,14942,1,3413,612,863
3252,5115,14949,1,3412,602,857
3246,5120,14957,1,3412,602,855
3240,5125,14965,1,3413,612,867
3233,5130,14972,1,3413,612,861
3226,5135,14980,1,3413,612,869
3219,5139,14987,1,3404,622,867
3212,5143,14995,1,3425,623,871
3205,5147,15002,1,3425,623,869
3199,5152,15010,1,3425,623,869
3192,5156,15017,1,3425,623,865
3186,5160,15025,1,3416,632,887
3179,5164,15032,1,3416,632,875
3173,5168,15040,1,3416,632,871
3166,5172,15047,1,3416,632,883
3161,5175,15055,1,3416,632,851
3155,5179,15062,1,3416,632,871
3149,5183,15070,1,3406,641,869
3143,5186,15077,1,3406,641,861
3137,5190,15085,1,3406,641,887
3130,5193,15092,1,3406,641,865
3123,5196,15100,1,3416,632,857
3117,5198,15107,1,3416,632,847
3110,5201,15115,1,3416,632,873
3104,5204,15122,1,3416,632,865
3097,5207,15130,1,3416,632,859
3090,5210,15137,1,3425,623,865
3083,5212,15145,1,3425,623,853
3075,5214,15152,1,3425,623,873
3068,5217,15160,1,3425,623,865
3060,5219,15167,1,3425,623,865
3053,5221,15175,1,3425,623,855
3045,5223,15182,1,3425,623,873
3038,5225,15190,1,3425,623,853
3031,5228,15198,1,3436,623,857
3024,5230,15205,1,3436,623,847
3017,5231,15213,1,3436,623,851
3011,5234,15220,1,3445,614,853
3004,5236,15228,1,3445,614,859
2997,5237,15235,1,3445,614,855
2990,5239,15243,1,3424,613,863
2984,5241,15250,1,3424,613,841
2977,5242,15258,1,3424,613,855
2971,5244,15265,1,3424,613,843
2964,5245,15273,1,3424,613,833
2957,5246,15280,1,3424,613,835
2951,5246,15288,1,3433,604,827
2944,5247,15295,1,3433,604,855
2937,5247,15303,1,3433,604,845
2930,5248,15310,1,3433,604,835
2923,5248,15318,1,3433,604,839
2917,5249,15325,1,3433,604,843
2910,5251,15333,1,3433,604,835
2904,5252,15340,1,3433,604,835
2898,5253,15348,1,3433,604,833
2892,5254,15355,1,3424,613,835
2887,5256,15363,1,3424,613,849
2881,5257,15370,1,3424,613,835
2876,5259,15378,1,3425,623,827
2871,5261,15385,1,3425,623,835
2865,5262,15393,1,3425,623,819
2860,5263,15400,1,3425,623,827
2854,5264,15408,1,3425,623,809
2849,5265,15415,1,3416,632,815
2844,5266,15423,1,3416,632,815
2838,5266,15431,1,3416,632,807
2833,5266,15438,1,3416,632,807
2827,5266,15446,1,3416,632,807
2822,5266,15453,1,3406,641,801
2816,5266,15461,1,3427,642,811
2810,5266,15468,1,3427,642,807
2804,5266,15476,1,3427,642,809
2798,5266,15483,1,3436,633,817
2791,5266,15491,1,3436,633,813
2785,5266,15498,1,3436,633,811
2780,5266,15506,1,3436,633,797
2774,5266,15513,1,3436,623,807
2769,5266,15521,1,3436,623,801
2763,5266,15528,1,3436,623,809
2757,5266,15536,1,3436,623,801
2751,5266,15543,1,3436,623,797
2744,5265,15551,1,3436,623,797
2738,5264,15558,1,3436,623,801
2731,5264,15566,1,3445,614,799
2724,5264,15573,1,3445,614,793
2717,5263,15581,1,3445,614,797
2711,5263,15588,1,3445,614,783
2704,5263,15596,1,3445,614,797
2697,5262,15603,1,3445,614,787
2689,5262,15611,1,3445,614,799
2680,5261,15618,1,3445,614,785
2670,5259,15626,1,3445,614,779
2660,5258,15633,1,3444,604,791
2651,5256,15641,1,3444,604,777
2643,5255,15648,1,3466,605,791
2636,5254,15656,1,3466,605,785
2628,5253,15663,1,3466,605,783
2620,5251,15671,1,3466,605,785
2612,5250,15679,1,3466,605,789
2603,5248,15686,1,3466,605,787
2595,5246,15694,1,3456,614,789
2587,5244,15701,1,3456,614,783
2579,5242,15709,1,3456,614,797
2571,5240,15716,1,3456,614,785
2563,5238,15724,1,3457,624,779
2555,5236,15731,1,3457,624,781
2547,5232,15739,1,3457,624,779
2539,5229,15746,1,3457,624,779
2531,5227,15754,1,3457,624,787
2523,5223,15761,1,3467,624,779
2516,5220,15769,1,3467,624,779
2508,5218,15776,1,3468,634,797
2501,5215,15784,1,3468,634,789
2492,5213,15791,1,3468,634,799
2484,5211,15799,1,3468,634,789
2475,5208,15806,1,3468,634,783
2465,5206,15814,1,3467,624,787
2456,5203,15821,1,3467,624,799
2446,5200,15829,1,3467,624,789
2436,5197,15836,1,3467,624,801
2426,5194,15844,1,3467,624,805
2417,5191,15851,1,3478,625,821
2408,5188,15859,1,3478,625,803
2399,5185,15866,1,3478,625,817
2391,5182,15874,1,3456,614,819
2382,5179,15881,1,3456,614,825
2373,5175,15889,1,3456,614,821
2365,5171,15896,1,3456,614,835
2357,5167,15904,1,3456,614,837
2349,5163,15912,1,3466,605,833
2341,5159,15919,1,3466,605,841
2333,5155,15927,1,3477,615,841
2325,5151,15934,1,3477,615,839
2317,5147,15942,1,3477,615,845
2309,5143,15949,1,3477,615,847
2301,5138,15957,1,3477,615,859
2292,5135,15964,1,3477,615,857
2284,5131,15972,1,3477,615,845
2277,5127,15979,1,3488,606,855
2269,5123,15987,1,3499,616,855
2262,5120,15994,1,3499,616,863
2255,5116,16002,1,3499,616,859
2248,5113,16009,1,3489,625,857
2241,5109,16017,1,3489,625,867
2234,5105,16024,1,3489,625,875
2227,5101,16032,1,3489,625,873
2220,5098,16039,1,3490,635,871
2213,5094,16047,1,3490,635,879
2206,5090,16054,1,3490,635,875
2199,5085,16062,1,3490,635,877
2192,5081,16069,1,3490,635,871
2185,5077,16077,1,3491,644,879
2178,5073,16084,1,3491,644,877
2171,5069,16092,1,3491,644,865
2164,5065,16099,1,3491,644,869
2156,5060,16107,1,3491,644,885
2149,5055,16114,1,3491,644,887
2141,5049,16122,1,3491,644,893
2133,5044,16129,1,3490,635,885
2126,5039,16137,1,3490,635,883
2118,5034,16145,1,3490,635,875
2111,5029,16152,1,3490,635,875
2104,5023,16160,1,3490,635,873
2097,5018,16167,1,3490,635,877
2089,5012,16175,1,3489,625,883
2082,5006,16182,1,3489,625,875
2075,5001,16190,1,3489,625,885
2069,4996,16197,1,3511,626,869
2062,4991,16205,1,3511,626,873
2055,4985,16212,1,3511,626,871
2049,4980,16220,1,3511,626,867
2042,4974,16227,1,3511,626,867
2036,4968,16235,1,3511,626,863
2030,4963,16242,1,3511,626,865
2024,4957,16250,1,3511,626,861
2018,4952,16257,1,3511,626,859
2012,4946,16265,1,3511,626,863
2006,4940,16272,1,3510,617,861
2000,4934,16280,1,3510,617,871
1994,4928,16287,1,3510,617,871
1989,4923,16295,1,3510,617,875
1983,4917,16302,1,3510,617,861
1977,4912,16310,1,3510,617,863
1971,4906,16317,1,3510,617,857
1965,4899,16325,1,3510,617,867
1960,4893,16332,1,3510,617,855
1954,4887,16340,1,3510,617,861
1949,4881,16347,1,3510,617,861
1943,4875,16355,1,3510,617,859
1939,4869,16362,1,3510,617,867
1934,4863,16370,1,3510,617,859
1930,4857,16378,1,3510,617,873
1925,4852,16385,1,3510,617,871
1921,4847,16393,1,3510,617,869
1917,4842,16400,1,3521,607,871
1913,4838,16408,1,3521,607,863
1910,4834,16415,1,3532,608,873
1907,4830,16423,1,3532,608,871
1904,4826,16430,1,3532,608,873
1901,4822,16438,1,3532,608,881
1898,4818,16445,1,3532,608,881
1895,4815,16453,1,3532,608,875
1891,4811,16460,1,3532,608,873
1889,4807,16468,1,3532,608,865
1886,4803,16475,1,3532,608,865
1883,4799,16483,1,3532,608,869
1880,4795,16490,1,3555,608,871
1877,4791,16498,1,3555,608,877
1875,4788,16505,1,3555,608,873
1872,4784,16513,1,3555,608,881
1870,4781,16520,1,3555,608,887
1867,4778,16528,1,3555,608,893
1865,4774,16535,1,3555,608,889
1863,4771,16543,1,3555,608,895
1860,4768,16550,1,3555,608,895
1858,4764,16558,1,3555,608,891
1856,4760,16565,1,3555,608,907
1854,4756,16573,1,3554,599,899
1852,4752,16580,1,3554,599,907
1851,4748,16588,1,3554,599,909
1849,4744,16595,1,3554,599,911
1847,4741,16603,1,3554,599,907
1846,4737,16611,1,3554,599,907
1845,4733,16618,1,3555,608,909
1843,4730,16626,1,3555,608,915
1841,4726,16633,1,3555,608,911
1839,4723,16641,1,3532,608,909
1837,4719,16648,1,3533,617,913
1834,4715,16656,1,3533,617,909
1833,4711,16663,1,3533,617,915
1831,4708,16671,1,3533,626,909
1829,4704,16678,1,3544,627,915
1827,4699,16686,1,3545,636,917
1825,4694,16693,1,3545,645,929
1823,4689,16701,1,3545,654,929
1821,4683,16708,1,3545,654,923
1818,4678,16716,1,3545,654,915
1817,4673,16723,1,3545,654,915
1815,4667,16731,1,3545,654,917
1813,4662,16738,1,3545,654,921
1812,4657,16746,1,3545,654,933
1811,4652,16753,1,3545,654,931
1810,4646,16761,1,3545,654,935
1808,4641,16768,1,3545,654,935
1807,4636,16776,1,3545,654,933
1806,4632,16783,1,3556,654,931
1805,4627,16791,1,3556,654,925
1804,4622,16798,1,3556,654,921
1804,4616,16806,1,3556,654,935
1803,4611,16813,1,3567,645,929
1803,4607,16821,1,3545,645,935
1802,4602,16828,1,3545,645,921
1801,4598,16836,1,3545,645,907
1800,4594,16844,1,3545,645,901
1800,4589,16851,1,3545,645,907
1799,4584,16859,1,3545,645,907
1798,4580,16866,1,3545,645,903
1798,4576,16874,1,3545,645,905
1797,4573,16881,1,3523,645,905
1797,4569,16889,1,3523,645,907
1796,4566,16896,1,3523,645,901
1795,4562,16904,1,3523,645,903
1794,4559,16911,1,3523,645,897
1793,4555,16919,1,3523,645,897
1792,4551,16926,1,3523,645,899
1791,4547,16934,1,3523,645,901
1790,4543,16941,1,3523,645,901
1789,4539,16949,1,3523,645,905
1788,4535,16956,1,3523,645,909
1787,4531,16964,1,3523,645,903
1786,4527,16971,1,3523,645,909
1785,4524,16979,1,3523,645,907
1785,4520,16986,1,3523,645,903
1784,4517,16994,1,3523,645,903
1783,4513,17001,1,3523,645,907
1783,4510,17009,1,3523,645,909
1782,4506,17016,1,3545,645,905
1782,4502,17024,1,3545,645,911
1781,4499,17031,1,3545,645,915
1781,4496,17039,1,3545,645,917
1780,4492,17046,1,3545,645,921
1780,4489,17054,1,3545,636,921
1780,4486,17061,1,3545,636,921
1780,4483,17069,1,3567,636,925
1780,4480,17077,1,3567,636,923
1780,4477,17084,1,3567,636,917
1780,4473,17092,1,3567,636,913
1780,4469,17099,1,3567,636,923
1780,4464,17107,1,3567,636,923
1780,4460,17114,1,3567,645,915
1780,4455,17122,1,3567,645,915
1780,4450,17129,1,3567,645,911
1780,4445,17137,1,3567,645,913
1780,4441,17144,1,3567,645,911
1780,4435,17152,1,3567,645,903
1780,4430,17159,1,3567,645,911
1780,4424,17167,1,3545,645,931
1780,4418,17174,1,3545,645,947
1780,4414,17182,1,3545,645,943
1780,4410,17189,1,3545,645,941
1781,4405,17197,1,3545,645,945
1782,4400,17204,1,3545,645,959
1783,4396,17212,1,3545,645,969
1783,4391,17219,1,3567,645,967
1784,4386,17227,1,3556,654,947
1784,4380,17234,1,3556,654,939
1785,4375,17242,1,3556,654,953
1786,4369,17249,1,3556,654,957
1787,4365,17257,1,3556,654,953
1788,4360,17264,1,3556,654,943
1789,4356,17272,1,3556,654,943
1790,4352,17279,1,3556,654,947
1791,4347,17287,1,3556,654,941
1792,4343,17294,1,3556,654,943
1793,4338,17302,1,3556,654,941
1794,4333,17310,1,3556,654,941
1794,4328,17317,1,3556,654,947
1795,4323,17325,1,3556,654,945
1797,4319,17332,1,3556,654,943
1798,4315,17340,1,3556,654,939
1799,4311,17347,1,3556,654,943
1800,4307,17355,1,3556,654,951
1801,4302,17362,1,3556,654,949
1802,4297,17370,1,3556,654,943
1803,4293,17377,1,3545,654,957
1804,4289,17385,1,3545,654,949
1805,4284,17392,1,3545,654,945
1806,4280,17400,1,3545,654,941
1807,4275,17407,1,3545,654,937
1808,4270,17415,1,3545,654,939
1809,4266,17422,1,3545,645,941
1810,4262,17430,1,3545,645,943
1811,4257,17437,1,3545,645,943
1813,4253,17445,1,3545,645,961
1815,4249,17452,1,3523,636,977
1816,4245,17460,1,3523,636,965
1817,4240,17467,1,3545,636,961
1819,4235,17475,1,3545,636,951
1820,4230,17482,1,3544,627,963
1822,4225,17490,1,3544,627,961
1824,4221,17497,1,3544,627,943
1826,4217,17505,1,3544,627,933
1828,4212,17512,1,3544,617,937
1830,4207,17520,1,3544,617,933
1832,4202,17527,1,3566,618,941
1834,4196,17535,1,3566,618,943
1835,4191,17542,1,3566,618,933
1837,4185,17550,1,3566,618,937
1838,4179,17558,1,3566,618,929
1840,4174,17565,1,3566,618,925
1841,4167,17573,1,3566,618,949
1842,4161,17580,1,3566,618,949
1844,4155,17588,1,3566,618,961
1845,4148,17595,1,3566,618,963
1847,4142,17603,1,3566,618,953
1849,4136,17610,1,3566,618,959
1850,4128,17618,1,3566,618,953
1852,4121,17625,1,3566,618,943
1854,4115,17633,1,3566,618,939
1856,4108,17640,1,3566,618,929
1858,4101,17648,1,3566,618,939
1860,4095,17655,1,3566,618,951
1862,4089,17663,1,3566,618,949
1864,4083,17670,1,3566,618,937
1867,4078,17678,1,3566,618,951
1869,4072,17685,1,3566,618,951
1871,4065,17693,1,3566,618,957
1873,4058,17700,1,3566,618,961
1875,4052,17708,1,3566,618,943
1876,4045,17715,1,3566,618,955
1877,4038,17723,1,3566,618,937
1879,4031,17730,1,3566,618,933
1880,4024,17738,1,3566,618,941
1881,4017,17745,1,3566,618,935
1882,4010,17753,1,3566,618,951
1882,4004,17760,1,3566,618,953
1883,3996,17768,1,3566,618,947
1884,3989,17775,1,3544,617,953
1885,3983,17783,1,3544,617,955
1886,3977,17791,1,3544,617,951
1887,3971,17798,1,3544,617,953
1888,3965,17806,1,3544,617,953
1889,3958,17813,1,3544,617,951
1890,3951,17821,1,3544,617,957
1891,3944,17828,1,3544,617,963
1892,3936,17836,1,3544,617,949
1893,3930,17843,1,3544,617,953
1894,3923,17851,1,3544,617,957
1896,3917,17858,1,3544,617,949
1898,3911,17866,1,3544,617,949
1900,3904,17873,1,3544,617,943
1903,3898,17881,1,3544,617,951
1905,3893,17888,1,3544,617,957
1907,3887,17896,1,3566,618,937
1909,3881,17903,1,3566,618,935
1911,3875,17911,1,3566,618,933
1913,3868,17918,1,3566,618,931
1915,3863,17926,1,3566,618,925
1916,3857,17933,1,3566,618,927
1918,3852,17941,1,3566,618,925
1921,3847,17948,1,3566,618,923
1922,3841,17956,1,3566,618,931
1925,3835,17963,1,3566,618,935
1926,3829,17971,1,3566,627,935
1928,3824,17978,1,3566,627,941
1930,3819,17986,1,3566,627,931
1932,3815,17993,1,3566,627,931
1934,3810,18001,1,3544,627,949
1935,3805,18008,1,3544,627,951
1937,3801,18016,1,3544,627,937
1938,3797,18024,1,3544,627,941
1940,3793,18031,1,3544,627,941
1942,3789,18039,1,3544,627,949
1943,3785,18046,1,3544,627,939
1944,3782,18054,1,3544,627,925
1946,3778,18061,1,3545,636,943
1947,3773,18069,1,3545,636,927
1949,3769,18076,1,3545,636,923
1951,3765,18084,1,3545,636,937
1953,3761,18091,1,3545,636,923
1955,3756,18099,1,3545,636,927
1957,3753,18106,1,3545,636,921
1960,3749,18114,1,3545,636,935
1962,3745,18121,1,3567,636,919
1965,3741,18129,1,3567,636,921
1968,3737,18136,1,3567,636,937
1970,3733,18144,1,3567,636,959
1973,3728,18151,1,3567,636,941
1975,3724,18159,1,3567,636,937
1977,3719,18166,1,3567,636,953
1978,3713,18174,1,3567,636,951
1980,3707,18181,1,3567,636,953
1982,3701,18189,1,3567,636,957
1984,3695,18196,1,3545,636,969
1987,3689,18204,1,3545,636,957
1989,3683,18211,1,3545,636,961
1992,3677,18219,1,3545,636,967
1995,3671,18226,1,3545,636,987
1997,3664,18234,1,3545,636,985
2000,3657,18241,1,3545,636,991
2003,3651,18249,1,3545,636,973
2006,3644,18257,1,3545,636,983
2010,3637,18264,1,3545,636,963
2013,3630,18272,1,3545,636,981
2016,3622,18279,1,3545,636,983
2019,3616,18287,1,3545,636,985
2021,3610,18294,1,3545,636,985
2024,3604,18302,1,3545,636,979
2027,3597,18309,1,3545,645,1015
2030,3590,18317,1,3545,645,1011
2032,3583,18324,1,3545,645,1029
2034,3576,18332,1,3567,645,1037
2036,3569,18339,1,3567,645,1039
2038,3562,18347,1,3567,645,1025
2041,3555,18354,1,3567,645,1047
2044,3549,18362,1,3567,645,1051
2048,3543,18369,1,3567,645,1033
2051,3537,18377,1,3567,645,1053
2055,3531,18384,1,3567,645,1047
2060,3525,18392,1,3556,654,1049
2063,3520,18399,1,3545,654,1057
2068,3514,18407,1,3545,654,1047
2072,3509,18414,1,3545,654,1049
2076,3504,18422,1,3545,654,1053
2080,3499,18429,1,3545,654,1067
2085,3494,18437,1,3545,654,1071
2089,3489,18444,1,3545,645,1071
2093,3484,18452,1,3545,645,1075
2097,3478,18459,1,3545,645,1087
2102,3472,18467,1,3545,645,1085
2107,3467,18474,1,3545,645,1061
2112,3461,18482,1,3545,645,1065
2117,3455,18490,1,3545,636,1093
2123,3450,18497,1,3545,636,1103
2129,3445,18505,1,3545,636,1081
2135,3441,18512,1,3545,636,1089
2141,3436,18520,1,3545,636,1091
2149,3432,18527,1,3544,627,1099
2156,3428,18535,1,3544,627,1085
2163,3423,18542,1,3544,627,1131
2171,3419,18550,1,3544,627,1127
2177,3415,18557,1,3544,627,1115
2184,3411,18565,1,3544,627,1145
2190,3406,18572,1,3544,627,1123
2196,3401,18580,1,3544,627,1123
2203,3397,18587,1,3545,636,1137
2209,3392,18595,1,3545,636,1133
2216,3387,18602,1,3545,636,1131
2222,3382,18610,1,3545,636,1119
2229,3377,18617,1,3545,636,1129
2236,3372,18625,1,3545,636,1135
2243,3368,18632,1,3545,636,1101
2251,3364,18640,1,3545,636,1135
2258,3361,18647,1,3523,636,1127
2266,3357,18655,1,3523,636,1133
2274,3354,18662,1,3523,636,1115
2282,3350,18670,1,3523,636,1139
2290,3347,18677,1,3523,636,1105
2299,3343,18685,1,3523,645,1127
2308,3340,18692,1,3523,645,1125
2316,3337,18700,1,3501,644,1123
2324,3333,18707,1,3501,644,1111
2332,3329,18715,1,3501,644,1117
2339,3325,18723,1,3501,644,1121
2347,3321,18730,1,3502,653,1117
2355,3317,18738,1,3502,653,1089
2362,3313,18745,1,3502,653,1117
2370,3308,18753,1,3502,653,1107
2377,3305,18760,1,3501,644,1081
2385,3301,18768,1,3501,644,1103
2392,3296,18775,1,3501,644,1117
2400,3292,18783,1,3501,644,1099
2408,3288,18790,1,3501,644,1105
2416,3285,18798,1,3501,644,1123
2424,3282,18805,1,3501,644,1091
2432,3278,18813,1,3501,644,1119
2440,3274,18820,1,3501,644,1105
2447,3270,18828,1,3512,635,1083
2455,3266,18835,1,3512,635,1097
2462,3262,18843,1,3512,635,1103
2470,3258,18850,1,3512,635,1107
2477,3254,18858,1,3512,635,1083
2485,3250,18865,1,3511,626,1093
2492,3246,18873,1,3511,626,1091
2499,3243,18880,1,3511,626,1071
2506,3239,18888,1,3512,635,1073
2512,3236,18895,1,3512,635,1083
2519,3232,18903,1,3512,635,1081
2526,3229,18910,1,3512,635,1075
2533,3226,18918,1,3512,635,1071
2540,3223,18925,1,3512,635,1065
2548,3220,18933,1,3512,635,1057
2555,3217,18940,1,3512,635,1055
2562,3214,18948,1,3512,635,1069
2569,3211,18956,1,3512,635,1029
2577,3209,18963,1,3512,635,1047
2584,3207,18971,1,3501,644,1043
2591,3205,18978,1,3501,644,1047
2598,3202,18986,1,3501,644,1051
2606,3199,18993,1,3501,644,1031
2613,3197,19001,1,3501,644,1041
2620,3194,19008,1,3501,644,1029
2628,3191,19016,1,3501,644,1019
2635,3188,19023,1,3501,644,1029
2643,3185,19031,1,3501,644,1019
2651,3183,19038,1,3502,653,1019
2658,3182,19046,1,3502,653,1011
2666,3180,19053,1,3502,653,995
2673,3179,19061,1,3502,653,1015
2681,3178,19068,1,3502,653,991
2689,3177,19076,1,3502,653,993
2697,3175,19083,1,3502,653,987
2705,3175,19091,1,3491,644,989
2713,3175,19098,1,3491,644,985
2722,3175,19106,1,3491,644,1001
2731,3175,19113,1,3491,644,995
2740,3175,19121,1,3501,644,987
2749,3175,19128,1,3501,644,995
2758,3175,19136,1,3501,644,971
2767,3175,19143,1,3501,644,979
2776,3175,19151,1,3501,644,955
2785,3175,19158,1,3501,644,949
2794,3175,19166,1,3512,635,971
2803,3175,19173,1,3512,635,961
2811,3176,19181,1,3512,635,949
2820,3176,19189,1,3512,635,965
2829,3177,19196,1,3512,635,969
2837,3178,19204,1,3512,635,945
2845,3179,19211,1,3501,644,961
2853,3181,19219,1,3501,644,953
2862,3182,19226,1,3491,644,933
2870,3184,19234,1,3491,644,953
2879,3186,19241,1,3491,644,921
2888,3187,19249,1,3491,644,937
2897,3189,19256,1,3491,644,933
2906,3191,19264,1,3491,644,921
2915,3192,19271,1,3491,644,925
2924,3194,19279,1,3491,644,923
2932,3195,19286,1,3491,644,911
2942,3197,19294,1,3491,644,909
2951,3199,19301,1,3491,644,913
2960,3201,19309,1,3491,644,921
2968,3203,19316,1,3491,644,907
2977,3205,19324,1,3481,653,899
2986,3207,19331,1,3481,653,901
2995,3210,19339,1,3481,653,911
3003,3213,19346,1,3481,653,895
3012,3216,19354,1,3481,653,885
3020,3219,19361,1,3481,653,887
3028,3222,19369,1,3481,653,883
3036,3225,19376,1,3481,653,895
3044,3227,19384,1,3481,653,885
3051,3229,19391,1,3469,643,889
3058,3230,19399,1,3469,643,875
3065,3232,19406,1,3469,643,891
3072,3233,19414,1,3469,643,893
3079,3234,19421,1,3469,643,883
3085,3235,19429,1,3469,643,893
3091,3237,19437,1,3468,634,875
3097,3238,19444,1,3468,634,889
3104,3240,19452,1,3468,634,889
3111,3242,19459,1,3468,634,891
3117,3244,19467,1,3468,634,889
3124,3246,19474,1,3467,624,903
3131,3249,19482,1,3467,624,893
3138,3251,19489,1,3467,624,901
3146,3253,19497,1,3457,624,917
3152,3255,19504,1,3457,624,885
3159,3257,19512,1,3457,624,911
3165,3259,19519,1,3457,624,887
3171,3261,19527,1,3457,624,903
3177,3263,19534,1,3457,624,887
3183,3265,19542,1,3457,624,885
3189,3268,19549,1,3457,624,881
3195,3270,19557,1,3457,624,873
3201,3272,19564,1,3457,624,893
3207,3274,19572,1,3457,624,889
3214,3277,19579,1,3447,633,881
3221,3280,19587,1,3447,633,879
3228,3282,19594,1,3447,633,885
3235,3285,19602,1,3447,633,877
3243,3289,19609,1,3447,633,883
3250,3291,19617,1,3447,633,869
3258,3294,19624,1,3447,633,877
3265,3298,19632,1,3447,633,865
3273,3301,19639,1,3447,633,873
3281,3305,19647,1,3447,633,861
3289,3309,19654,1,3447,633,865
3297,3313,19662,1,3468,634,871
3305,3317,19670,1,3469,643,857
3313,3321,19677,1,3469,643,863
3321,3324,19685,1,3469,643,867
3328,3328,19692,1,3469,643,873
3335,3331,19700,1,3469,643,879
3342,3334,19707,1,3469,643,841
3349,3338,19715,1,3469,643,859
3357,3342,19722,1,3448,643,851
3365,3346,19730,1,3448,643,839
3373,3351,19737,1,3448,643,819
3380,3355,19745,1,3448,643,807
3388,3359,19752,1,3448,643,809
3395,3362,19760,1,3447,633,815
3403,3365,19767,1,3447,633,813
3410,3368,19775,1,3447,633,805
3417,3372,19782,1,3447,633,777
3424,3376,19790,1,3447,633,795
3431,3379,19797,1,3447,633,795
3438,3383,19805,1,3457,624,817
3445,3387,19812,1,3436,623,795
3452,3389,19820,1,3436,623,797
3458,3392,19827,1,3436,623,813
3464,3395,19835,1,3445,614,811
3471,3397,19842,1,3445,614,819
3477,3401,19850,1,3445,614,797
3483,3406,19857,1,3445,614,791
3489,3410,19865,1,3445,614,793
3495,3415,19872,1,3445,614,797
3500,3419,19880,1,3445,614,803
3506,3424,19887,1,3445,614,775
3512,3429,19895,1,3445,614,793
3517,3433,19903,1,3436,623,759
3523,3438,19910,1,3436,623,767
3529,3444,19918,1,3436,623,769
3534,3448,19925,1,3436,623,753
3540,3453,19933,1,3436,623,771
3545,3458,19940,1,3436,623,773
3550,3463,19948,1,3436,623,715
3555,3468,19955,1,3436,623,737
3560,3474,19963,1,3436,623,715
3565,3479,19970,1,3436,623,707
3570,3484,19978,1,3436,623,711
3575,3490,19985,1,3436,623,711
3580,3495,19993,1,3436,623,687
3586,3501,20000,1,3436,623,695
3591,3507,20008,1,3436,623,671
3596,3513,20015,1,3436,623,679
3601,3519,20023,1,3436,623,677
3606,3525,20030,1,3436,623,661
3611,3531,20038,1,3436,623,669
3616,3537,20045,1,3425,623,663
3621,3543,20053,1,3436,623,653
3626,3550,20060,1,3436,623,663
3630,3555,20068,1,3436,623,647
3634,3561,20075,1,3436,623,651
3638,3567,20083,1,3436,623,627
3641,3573,20090,1,3436,623,635
3645,3579,20098,1,3436,623,625
3649,3585,20105,1,3436,633,615
3654,3592,20113,1,3436,633,629
3658,3598,20120,1,3436,633,623
3662,3605,20128,1,3436,633,623
3666,3611,20136,1,3436,633,647
3669,3618,20143,1,3436,633,623
3673,3624,20151,1,3436,633,585
3678,3631,20158,1,3436,633,601
3682,3638,20166,1,3436,633,597
3686,3645,20173,1,3436,633,609
3690,3651,20181,1,3436,633,611
3693,3657,20188,1,3436,633,609
3697,3664,20196,1,3436,633,591
3701,3671,20203,1,3436,633,595
3705,3678,20211,1,3416,632,587
3709,3684,20218,1,3416,632,579
3712,3690,20226,1,3416,632,589
3714,3695,20233,1,3406,641,575
3717,3700,20241,1,3406,641,581
3719,3705,20248,1,3406,641,587
3722,3710,20256,1,3406,641,565
3724,3716,20263,1,3406,641,583
3727,3722,20271,1,3406,641,571
3730,3728,20278,1,3406,641,581
3732,3733,20286,1,3406,641,581
3734,3739,20293,1,3406,641,591
3737,3745,20301,1,3406,641,587
3739,3750,20308,1,3406,641,585
3741,3757,20316,1,3406,641,581
3743,3762,20323,1,3406,641,577
3745,3767,20331,1,3407,651,581
3746,3773,20338,1,3407,651,579
3748,3779,20346,1,3407,651,577
3750,3785,20353,1,3407,651,573
3752,3792,20361,1,3407,651,579
3754,3798,20369,1,3386,640,583
3757,3805,20376,1,3386,640,585
3760,3812,20384,1,3386,640,573
3762,3820,20391,1,3386,640,571
3764,3827,20399,1,3386,640,581
3766,3834,20406,1,3386,640,581
3768,3841,20414,1,3386,640,555
3770,3848,20421,1,3386,640,577
3772,3856,20429,1,3386,640,559
3774,3864,20436,1,3386,640,565
3776,3871,20444,1,3386,640,557
3777,3878,20451,1,3396,641,557
3778,3885,20459,1,3396,641,561
3780,3892,20466,1,3396,641,557
3781,3900,20474,1,3395,631,549
3782,3907,20481,1,3395,631,549
3784,3914,20489,1,3395,631,545
3784,3921,20496,1,3395,631,541
3785,3928,20504,1,3404,622,541
3786,3934,20511,1,3404,622,543
3787,3941,20519,1,3404,622,537
3788,3949,20526,1,3413,612,535
3789,3957,20534,1,3413,612,519
3789,3964,20541,1,3413,612,515
3790,3972,20549,1,3393,611,504
3791,3980,20556,1,3393,611,502
3792,3987,20564,1,3393,611,490
3794,3995,20571,1,3393,611,496
3795,4003,20579,1,3393,611,480
3796,4011,20586,1,3393,611,482
3798,4019,20594,1,3393,611,462
3800,4027,20602,1,3381,600,460
3802,4035,20609,1,3381,600,450
3804,4043,20617,1,3381,600,450
3806,4051,20624,1,3381,600,442
3807,4058,20632,1,3381,600,432
3808,4065,20639,1,3381,600,420
3809,4071,20647,1,3381,600,398
3810,4078,20654,1,3381,600,382
3811,4085,20662,1,3381,600,354
3811,4091,20669,1,3381,600,350
3812,4097,20677,1,3381,600,330
3813,4103,20684,1,3381,600,312
3814,4109,20692,1,3381,600,282
3815,4114,20714,1,3381,600,256
3817,4119,20722,1,3381,600,222
3817,4124,20729,1,3380,590,180
3818,4127,20737,1,3380,590,146
3819,4130,20744,1,3380,590,100
3820,4132,20752,1,3380,590,58
3820,4134,20759,1,3380,590,8
